77
3
37
76
41
10
31
35
32
8
1.910000000000000000e+02
1.590000000000000000e+02
1.280000000000000000e+02
1.140000000000000000e+02
2.110000000000000000e+02
1.790000000000000000e+02
1.320000000000000000e+02
1.340000000000000000e+02
1.030000000000000000e+02
1.430000000000000000e+02
1.880000000000000000e+02
1.630000000000000000e+02
1.890000000000000000e+02
1.760000000000000000e+02
1.780000000000000000e+02
1.470000000000000000e+02
1.970000000000000000e+02
1.920000000000000000e+02
2.040000000000000000e+02
1.640000000000000000e+02
1.210000000000000000e+02
1.600000000000000000e+02
2.010000000000000000e+02
1.300000000000000000e+02
1.350000000000000000e+02
2.080000000000000000e+02
1.690000000000000000e+02
1.370000000000000000e+02
2.090000000000000000e+02
1.200000000000000000e+02
1.000000000000000000e+02
1.540000000000000000e+02
2.050000000000000000e+02
1.560000000000000000e+02
1.980000000000000000e+02
1.120000000000000000e+02
2.120000000000000000e+02
1.770000000000000000e+02
1.550000000000000000e+02
1.840000000000000000e+02
1.170000000000000000e+02
1.190000000000000000e+02
1.660000000000000000e+02
1.230000000000000000e+02
1.990000000000000000e+02
2.070000000000000000e+02
9.900000000000000000e+01
2.060000000000000000e+02
1.720000000000000000e+02
1.070000000000000000e+02
1.950000000000000000e+02
1.820000000000000000e+02
2.020000000000000000e+02
1.680000000000000000e+02
1.900000000000000000e+02
1.940000000000000000e+02
1.860000000000000000e+02
1.360000000000000000e+02
1.160000000000000000e+02
1.730000000000000000e+02
1.670000000000000000e+02
1.390000000000000000e+02
2.130000000000000000e+02
1.100000000000000000e+02
1.440000000000000000e+02
1.650000000000000000e+02
1.090000000000000000e+02
1.060000000000000000e+02
1.490000000000000000e+02
1.040000000000000000e+02
1.800000000000000000e+02
1.110000000000000000e+02
1.870000000000000000e+02
1.570000000000000000e+02
1.220000000000000000e+02
1.260000000000000000e+02
1.580000000000000000e+02
1.250000000000000000e+02
1.830000000000000000e+02
1.750000000000000000e+02
1.330000000000000000e+02
1.710000000000000000e+02
1.460000000000000000e+02
1.270000000000000000e+02
1.740000000000000000e+02
1.180000000000000000e+02
1.850000000000000000e+02
1.420000000000000000e+02
1.620000000000000000e+02
1.290000000000000000e+02
1.310000000000000000e+02
1.400000000000000000e+02
2.030000000000000000e+02
1.700000000000000000e+02
1.500000000000000000e+02
1.240000000000000000e+02
1.130000000000000000e+02
1.450000000000000000e+02
1.610000000000000000e+02
1.020000000000000000e+02
1.010000000000000000e+02
1.080000000000000000e+02
1.810000000000000000e+02
1.410000000000000000e+02
1.530000000000000000e+02
2.100000000000000000e+02
1.960000000000000000e+02
1.150000000000000000e+02
1.930000000000000000e+02
2.000000000000000000e+02
1.380000000000000000e+02
1.480000000000000000e+02
1.520000000000000000e+02
1.510000000000000000e+02
1.050000000000000000e+02
4.000000000000000000e+02
4.420000000000000000e+02
3.760000000000000000e+02
4.720000000000000000e+02
3.440000000000000000e+02
4.740000000000000000e+02
3.150000000000000000e+02
2.790000000000000000e+02
4.800000000000000000e+02
3.240000000000000000e+02
4.060000000000000000e+02
4.810000000000000000e+02
2.240000000000000000e+02
3.740000000000000000e+02
3.190000000000000000e+02
4.400000000000000000e+02
2.680000000000000000e+02
2.860000000000000000e+02
3.090000000000000000e+02
2.410000000000000000e+02
2.160000000000000000e+02
3.070000000000000000e+02
4.320000000000000000e+02
3.020000000000000000e+02
3.260000000000000000e+02
4.430000000000000000e+02
3.410000000000000000e+02
4.030000000000000000e+02
3.470000000000000000e+02
2.310000000000000000e+02
3.890000000000000000e+02
4.820000000000000000e+02
3.670000000000000000e+02
4.020000000000000000e+02
2.830000000000000000e+02
3.970000000000000000e+02
2.330000000000000000e+02

2.540000000000000000e+02
2.820000000000000000e+02
4.470000000000000000e+02
3.850000000000000000e+02
4.670000000000000000e+02
3.050000000000000000e+02
2.730000000000000000e+02
4.560000000000000000e+02
2.690000000000000000e+02
4.630000000000000000e+02
2.380000000000000000e+02
2.650000000000000000e+02
3.950000000000000000e+02
2.640000000000000000e+02
2.780000000000000000e+02
3.700000000000000000e+02
4.790000000000000000e+02
2.610000000000000000e+02
3.870000000000000000e+02
2.760000000000000000e+02
2.370000000000000000e+02
2.980000000000000000e+02
4.280000000000000000e+02
2.920000000000000000e+02
4.230000000000000000e+02
3.230000000000000000e+02
2.950000000000000000e+02
3.160000000000000000e+02
2.170000000000000000e+02
2.580000000000000000e+02
4.480000000000000000e+02
4.410000000000000000e+02
3.770000000000000000e+02
2.180000000000000000e+02
2.550000000000000000e+02
3.930000000000000000e+02
2.890000000000000000e+02
4.730000000000000000e+02
2.280000000000000000e+02
2.750000000000000000e+02
4.010000000000000000e+02
3.100000000000000000e+02
3.550000000000000000e+02
2.870000000000000000e+02
4.270000000000000000e+02
2.900000000000000000e+02
3.910000000000000000e+02
3.840000000000000000e+02
2.590000000000000000e+02
4.070000000000000000e+02
2.260000000000000000e+02
3.680000000000000000e+02

6.110000000000000000e+02
5.710000000000000000e+02
5.780000000000000000e+02
4.950000000000000000e+02
6.190000000000000000e+02
6.080000000000000000e+02
5.950000000000000000e+02
5.930000000000000000e+02
5.510000000000000000e+02
6.170000000000000000e+02
5.440000000000000000e+02
5.560000000000000000e+02
5.190000000000000000e+02
6.200000000000000000e+02
5.830000000000000000e+02
5.990000000000000000e+02
5.820000000000000000e+02
5.600000000000000000e+02
4.850000000000000000e+02
5.000000000000000000e+02
5.610000000000000000e+02
5.340000000000000000e+02
5.020000000000000000e+02
5.890000000000000000e+02
6.010000000000000000e+02
5.100000000000000000e+02
6.150000000000000000e+02
6.020000000000000000e+02
5.120000000000000000e+02
6.100000000000000000e+02
5.720000000000000000e+02
5.220000000000000000e+02
5.310000000000000000e+02
4.910000000000000000e+02
5.360000000000000000e+02
5.010000000000000000e+02
4.980000000000000000e+02
4.870000000000000000e+02
6.090000000000000000e+02
5.910000000000000000e+02
5.390000000000000000e+02
5.430000000000000000e+02
5.730000000000000000e+02
5.330000000000000000e+02

3.140000000000000000e+02

6.040000000000000000e+02

7.410000000000000000e+02
9.220000000000000000e+02
9.660000000000000000e+02
8.690000000000000000e+02
8.810000000000000000e+02
6.350000000000000000e+02
8.290000000000000000e+02
6.760000000000000000e+02
6.990000000000000000e+02
9.480000000000000000e+02
6.880000000000000000e+02
9.190000000000000000e+02
7.780000000000000000e+02
8.330000000000000000e+02
9.430000000000000000e+02
8.120000000000000000e+02
8.970000000000000000e+02
8.710000000000000000e+02
8.250000000000000000e+02
6.470000000000000000e+02
8.140000000000000000e+02
9.410000000000000000e+02
9.370000000000000000e+02
7.930000000000000000e+02
8.800000000000000000e+02
8.460000000000000000e+02
9.070000000000000000e+02
9.560000000000000000e+02
8.840000000000000000e+02
6.770000000000000000e+02
6.730000000000000000e+02
9.420000000000000000e+02
6.380000000000000000e+02
8.680000000000000000e+02
6.500000000000000000e+02
8.240000000000000000e+02
8.590000000000000000e+02
6.830000000000000000e+02
7.700000000000000000e+02
9.590000000000000000e+02
7.170000000000000000e+02
8.110000000000000000e+02
9.350000000000000000e+02
7.300000000000000000e+02
8.850000000000000000e+02
9.390000000000000000e+02
6.580000000000000000e+02
9.380000000000000000e+02
6.800000000000000000e+02
8.090000000000000000e+02
7.830000000000000000e+02
6.750000000000000000e+02
7.120000000000000000e+02
6.220000000000000000e+02
9.110000000000000000e+02
7.770000000000000000e+02
6.910000000000000000e+02
9.090000000000000000e+02
8.870000000000000000e+02
7.810000000000000000e+02
6.720000000000000000e+02
7.030000000000000000e+02
7.190000000000000000e+02
8.410000000000000000e+02
7.260000000000000000e+02
7.840000000000000000e+02
8.770000000000000000e+02
6.460000000000000000e+02
7.400000000000000000e+02
7.270000000000000000e+02
9.060000000000000000e+02
9.180000000000000000e+02
8.640000000000000000e+02
7.200000000000000000e+02
8.230000000000000000e+02
6.960000000000000000e+02
6.320000000000000000e+02
8.730000000000000000e+02
9.280000000000000000e+02
6.390000000000000000e+02
6.450000000000000000e+02
7.470000000000000000e+02
8.900000000000000000e+02
7.360000000000000000e+02
8.650000000000000000e+02
7.320000000000000000e+02
9.670000000000000000e+02
7.920000000000000000e+02
9.340000000000000000e+02
9.610000000000000000e+02
6.600000000000000000e+02
8.910000000000000000e+02
6.290000000000000000e+02
6.790000000000000000e+02
8.830000000000000000e+02
8.820000000000000000e+02
9.000000000000000000e+02
9.230000000000000000e+02
6.360000000000000000e+02
6.940000000000000000e+02
9.250000000000000000e+02
7.630000000000000000e+02
7.940000000000000000e+02
8.130000000000000000e+02
9.360000000000000000e+02
8.960000000000000000e+02
6.440000000000000000e+02
6.840000000000000000e+02
7.640000000000000000e+02
7.160000000000000000e+02
7.420000000000000000e+02
8.920000000000000000e+02
6.650000000000000000e+02
6.400000000000000000e+02
8.430000000000000000e+02
1.180000000000000000e+03
1.115000000000000000e+03
1.061000000000000000e+03
1.004000000000000000e+03
1.168000000000000000e+03
1.080000000000000000e+03
9.870000000000000000e+02
1.130000000000000000e+03
1.015000000000000000e+03
1.104000000000000000e+03
1.042000000000000000e+03
1.082000000000000000e+03
1.020000000000000000e+03
1.128000000000000000e+03
9.760000000000000000e+02
1.024000000000000000e+03
1.099000000000000000e+03
1.210000000000000000e+03
1.122000000000000000e+03
1.132000000000000000e+03
1.165000000000000000e+03
1.141000000000000000e+03
1.106000000000000000e+03
1.177000000000000000e+03
1.074000000000000000e+03
1.107000000000000000e+03
1.079000000000000000e+03
1.113000000000000000e+03
1.013000000000000000e+03
1.086000000000000000e+03
9.790000000000000000e+02
1.159000000000000000e+03
9.810000000000000000e+02
1.198000000000000000e+03
1.054000000000000000e+03
1.001000000000000000e+03
9.990000000000000000e+02
1.158000000000000000e+03
1.191000000000000000e+03
1.075000000000000000e+03
1.038000000000000000e+03
1.126000000000000000e+03
1.057000000000000000e+03
1.142000000000000000e+03
1.100000000000000000e+03
1.145000000000000000e+03
1.192000000000000000e+03
1.208000000000000000e+03
1.174000000000000000e+03
1.084000000000000000e+03
1.156000000000000000e+03
1.062000000000000000e+03
1.028000000000000000e+03
1.111000000000000000e+03
1.199000000000000000e+03
1.203000000000000000e+03
1.193000000000000000e+03
1.129000000000000000e+03
1.025000000000000000e+03
1.017000000000000000e+03
1.144000000000000000e+03
1.201000000000000000e+03
1.114000000000000000e+03
1.022000000000000000e+03
1.136000000000000000e+03
1.189000000000000000e+03
1.064000000000000000e+03
1.041000000000000000e+03
1.173000000000000000e+03
9.710000000000000000e+02
9.680000000000000000e+02
1.157000000000000000e+03
1.101000000000000000e+03
9.690000000000000000e+02
1.046000000000000000e+03
1.089000000000000000e+03
1.009000000000000000e+03
9.800000000000000000e+02
1.195000000000000000e+03
1.202000000000000000e+03
9.930000000000000000e+02
1.250000000000000000e+03
1.321000000000000000e+03
1.306000000000000000e+03
1.293000000000000000e+03
5.860000000000000000e+02
1.223000000000000000e+03
1.213000000000000000e+03
1.343000000000000000e+03
1.279000000000000000e+03
7.240000000000000000e+02
1.238000000000000000e+03
1.219000000000000000e+03
6.370000000000000000e+02
1.243000000000000000e+03
1.278000000000000000e+03
1.264000000000000000e+03
1.304000000000000000e+03
1.285000000000000000e+03
1.269000000000000000e+03
1.267000000000000000e+03
7.020000000000000000e+02
1.342000000000000000e+03
1.301000000000000000e+03
1.310000000000000000e+03
1.331000000000000000e+03
8.200000000000000000e+02
7.680000000000000000e+02
1.292000000000000000e+03
1.322000000000000000e+03
1.000000000000000000e+00
1.255000000000000000e+03
1.298000000000000000e+03
1.271000000000000000e+03
7.340000000000000000e+02
1.226000000000000000e+03
1.240000000000000000e+03
1.265000000000000000e+03
1.312000000000000000e+03
1.281000000000000000e+03
1.319000000000000000e+03
1.291000000000000000e+03
7.100000000000000000e+02
1.253000000000000000e+03
5.480000000000000000e+02
1.340000000000000000e+03
1.320000000000000000e+03
1.280000000000000000e+03
1.245000000000000000e+03
1.335000000000000000e+03
1.325000000000000000e+03
1.237000000000000000e+03
1.344000000000000000e+03
1.252000000000000000e+03
1.287000000000000000e+03
1.233000000000000000e+03
6.540000000000000000e+02
1.333000000000000000e+03
7.910000000000000000e+02
1.303000000000000000e+03
1.225000000000000000e+03
1.364000000000000000e+03
1.471000000000000000e+03
1.420000000000000000e+03
1.498000000000000000e+03
1.515000000000000000e+03
1.428000000000000000e+03
1.378000000000000000e+03
1.369000000000000000e+03
1.380000000000000000e+03
1.459000000000000000e+03
1.507000000000000000e+03
1.372000000000000000e+03
1.412000000000000000e+03
1.482000000000000000e+03
1.525000000000000000e+03
1.511000000000000000e+03
1.497000000000000000e+03
1.512000000000000000e+03
1.261000000000000000e+03
1.501000000000000000e+03
1.493000000000000000e+03
1.473000000000000000e+03
1.461000000000000000e+03
1.453000000000000000e+03
1.495000000000000000e+03
1.499000000000000000e+03
1.444000000000000000e+03
1.416000000000000000e+03
1.435000000000000000e+03
1.523000000000000000e+03
1.430000000000000000e+03
1.503000000000000000e+03
1.522000000000000000e+03
1.494000000000000000e+03
1.510000000000000000e+03
1.393000000000000000e+03
1.466000000000000000e+03
1.374000000000000000e+03
1.359000000000000000e+03
1.452000000000000000e+03
1.375000000000000000e+03
1.496000000000000000e+03
1.441000000000000000e+03
1.467000000000000000e+03
1.401000000000000000e+03
1.460000000000000000e+03
1.394000000000000000e+03
1.456000000000000000e+03
1.419000000000000000e+03
1.470000000000000000e+03
1.370000000000000000e+03
1.478000000000000000e+03
1.383000000000000000e+03
1.485000000000000000e+03
1.526000000000000000e+03
1.434000000000000000e+03
1.492000000000000000e+03
1.377000000000000000e+03
1.440000000000000000e+03
1.365000000000000000e+03
1.355000000000000000e+03
1.637000000000000000e+03
1.623000000000000000e+03
1.551000000000000000e+03
1.632000000000000000e+03
1.536000000000000000e+03
1.531000000000000000e+03
1.588000000000000000e+03
1.667000000000000000e+03
1.563000000000000000e+03
1.600000000000000000e+03
1.561000000000000000e+03
1.591000000000000000e+03
1.609000000000000000e+03
1.574000000000000000e+03
1.564000000000000000e+03
1.583000000000000000e+03
1.575000000000000000e+03
1.666000000000000000e+03
1.672000000000000000e+03
1.630000000000000000e+03
1.604000000000000000e+03
1.675000000000000000e+03
1.000000000000000000e+00
1.607000000000000000e+03
1.611000000000000000e+03
1.550000000000000000e+03
1.658000000000000000e+03
1.597000000000000000e+03
1.608000000000000000e+03
6.210000000000000000e+02
1.676000000000000000e+03
1.655000000000000000e+03
1.601000000000000000e+03
1.571000000000000000e+03
1.663000000000000000e+03
1.647000000000000000e+03
1.578000000000000000e+03
1.598000000000000000e+03
1.679000000000000000e+03
1.580000000000000000e+03
1.674000000000000000e+03
1.665000000000000000e+03
1.631000000000000000e+03
1.554000000000000000e+03
1.648000000000000000e+03
1.656000000000000000e+03
1.584000000000000000e+03
1.555000000000000000e+03
1.636000000000000000e+03
1.537000000000000000e+03
1.616000000000000000e+03
1.649000000000000000e+03
1.596000000000000000e+03
1.573000000000000000e+03
1.721000000000000000e+03
1.845000000000000000e+03
1.688000000000000000e+03
1.797000000000000000e+03
1.716000000000000000e+03
1.694000000000000000e+03
1.844000000000000000e+03
1.745000000000000000e+03
1.809000000000000000e+03
1.753000000000000000e+03
1.766000000000000000e+03
1.709000000000000000e+03
1.722000000000000000e+03
1.697000000000000000e+03
1.689000000000000000e+03
1.821000000000000000e+03
1.707000000000000000e+03
1.704000000000000000e+03
1.817000000000000000e+03
1.759000000000000000e+03
1.720000000000000000e+03
1.727000000000000000e+03
1.729000000000000000e+03
1.802000000000000000e+03
1.836000000000000000e+03
1.696000000000000000e+03
1.765000000000000000e+03
1.728000000000000000e+03
1.841000000000000000e+03
1.782000000000000000e+03
1.813000000000000000e+03
1.780000000000000000e+03
1.718000000000000000e+03
1.705000000000000000e+03
1.755000000000000000e+03
1.756000000000000000e+03
1.711000000000000000e+03
1.837000000000000000e+03
1.834000000000000000e+03
1.786000000000000000e+03
1.778000000000000000e+03
1.792000000000000000e+03
1.814000000000000000e+03
1.808000000000000000e+03
1.763000000000000000e+03
1.822000000000000000e+03
1.826000000000000000e+03
1.831000000000000000e+03
1.767000000000000000e+03
1.768000000000000000e+03
1.757000000000000000e+03
1.805000000000000000e+03
1.779000000000000000e+03
1.853000000000000000e+03
2.071000000000000000e+03
1.971000000000000000e+03
2.060000000000000000e+03
2.054000000000000000e+03
1.900000000000000000e+03
1.925000000000000000e+03
1.973000000000000000e+03
1.913000000000000000e+03
1.891000000000000000e+03
2.093000000000000000e+03
2.081000000000000000e+03
2.039000000000000000e+03
1.999000000000000000e+03
1.901000000000000000e+03
2.079000000000000000e+03
2.059000000000000000e+03
2.026000000000000000e+03
1.857000000000000000e+03
1.944000000000000000e+03
1.889000000000000000e+03
1.876000000000000000e+03
1.881000000000000000e+03
1.916000000000000000e+03
1.855000000000000000e+03
1.940000000000000000e+03
2.072000000000000000e+03
1.992000000000000000e+03
1.976000000000000000e+03
1.886000000000000000e+03
2.095000000000000000e+03
1.996000000000000000e+03
1.965000000000000000e+03
1.951000000000000000e+03
1.932000000000000000e+03
1.959000000000000000e+03
2.094000000000000000e+03
2.003000000000000000e+03
2.032000000000000000e+03
2.105000000000000000e+03
1.945000000000000000e+03
1.918000000000000000e+03
1.923000000000000000e+03
2.045000000000000000e+03
2.034000000000000000e+03
1.887000000000000000e+03
1.897000000000000000e+03
2.098000000000000000e+03
2.044000000000000000e+03
1.214000000000000000e+03
1.880000000000000000e+03
2.001000000000000000e+03
2.104000000000000000e+03
1.898000000000000000e+03
2.036000000000000000e+03
1.905000000000000000e+03
1.875000000000000000e+03
2.000000000000000000e+03
2.037000000000000000e+03
2.073000000000000000e+03
2.074000000000000000e+03
1.878000000000000000e+03
2.035000000000000000e+03
2.021000000000000000e+03
1.894000000000000000e+03
2.091000000000000000e+03
2.057000000000000000e+03
1.870000000000000000e+03
2.086000000000000000e+03
2.068000000000000000e+03
1.938000000000000000e+03
2.024000000000000000e+03
1.977000000000000000e+03
2.089000000000000000e+03
1.943000000000000000e+03
1.309000000000000000e+03
1.988000000000000000e+03
1.937000000000000000e+03
2.031000000000000000e+03
1.982000000000000000e+03
1.967000000000000000e+03
2.038000000000000000e+03
1.893000000000000000e+03
2.076000000000000000e+03
1.964000000000000000e+03
1.931000000000000000e+03
1.924000000000000000e+03
1.960000000000000000e+03
2.019000000000000000e+03
2.033000000000000000e+03
2.119000000000000000e+03
2.207000000000000000e+03
2.282000000000000000e+03
2.199000000000000000e+03
2.252000000000000000e+03
2.305000000000000000e+03
2.300000000000000000e+03
2.223000000000000000e+03
2.212000000000000000e+03
2.281000000000000000e+03
2.271000000000000000e+03
2.162000000000000000e+03
2.143000000000000000e+03
2.217000000000000000e+03
2.157000000000000000e+03
2.133000000000000000e+03
2.175000000000000000e+03
2.299000000000000000e+03
2.187000000000000000e+03
2.176000000000000000e+03
2.274000000000000000e+03
2.231000000000000000e+03
2.286000000000000000e+03
2.130000000000000000e+03
2.269000000000000000e+03
2.147000000000000000e+03
2.129000000000000000e+03
2.296000000000000000e+03
2.246000000000000000e+03
2.244000000000000000e+03
2.256000000000000000e+03
2.289000000000000000e+03
2.292000000000000000e+03
2.221000000000000000e+03
2.227000000000000000e+03
2.153000000000000000e+03
2.173000000000000000e+03
2.290000000000000000e+03
2.206000000000000000e+03
2.169000000000000000e+03
2.302000000000000000e+03
2.266000000000000000e+03
2.214000000000000000e+03
2.248000000000000000e+03
2.215000000000000000e+03
2.291000000000000000e+03
2.184000000000000000e+03
2.285000000000000000e+03
2.158000000000000000e+03
2.197000000000000000e+03
2.194000000000000000e+03
2.254000000000000000e+03
2.114000000000000000e+03
2.307000000000000000e+03
2.142000000000000000e+03
2.188000000000000000e+03
2.170000000000000000e+03
2.279000000000000000e+03
2.306000000000000000e+03
2.262000000000000000e+03
2.249000000000000000e+03
2.202000000000000000e+03
2.228000000000000000e+03
2.272000000000000000e+03
2.222000000000000000e+03
2.238000000000000000e+03
2.198000000000000000e+03
2.127000000000000000e+03
2.203000000000000000e+03
2.179000000000000000e+03
2.200000000000000000e+03
2.295000000000000000e+03
2.284000000000000000e+03
2.250000000000000000e+03
2.165000000000000000e+03
2.230000000000000000e+03
2.118000000000000000e+03
2.196000000000000000e+03
2.178000000000000000e+03
2.229000000000000000e+03
2.258000000000000000e+03
2.123000000000000000e+03
2.121000000000000000e+03
2.273000000000000000e+03
2.141000000000000000e+03
2.259000000000000000e+03
2.226000000000000000e+03
2.255000000000000000e+03
2.182000000000000000e+03
2.154000000000000000e+03
2.120000000000000000e+03
2.280000000000000000e+03
2.167000000000000000e+03
2.277000000000000000e+03
2.136000000000000000e+03
2.309000000000000000e+03
2.117000000000000000e+03
2.310000000000000000e+03
2.245000000000000000e+03
2.418000000000000000e+03
2.428000000000000000e+03
2.465000000000000000e+03
2.385000000000000000e+03
2.472000000000000000e+03
2.443000000000000000e+03
2.497000000000000000e+03
2.349000000000000000e+03
2.506000000000000000e+03
2.505000000000000000e+03
2.523000000000000000e+03
2.451000000000000000e+03
2.445000000000000000e+03
2.386000000000000000e+03
2.496000000000000000e+03
2.414000000000000000e+03
2.332000000000000000e+03
2.501000000000000000e+03
2.340000000000000000e+03
2.467000000000000000e+03
2.508000000000000000e+03
2.406000000000000000e+03
2.390000000000000000e+03
2.502000000000000000e+03
2.367000000000000000e+03
2.339000000000000000e+03
2.417000000000000000e+03
2.357000000000000000e+03
2.351000000000000000e+03
2.355000000000000000e+03
2.425000000000000000e+03
2.318000000000000000e+03
2.398000000000000000e+03
2.478000000000000000e+03
2.391000000000000000e+03
2.348000000000000000e+03
2.354000000000000000e+03
2.356000000000000000e+03
2.315000000000000000e+03
2.453000000000000000e+03
2.462000000000000000e+03
2.323000000000000000e+03
2.456000000000000000e+03
2.392000000000000000e+03
2.482000000000000000e+03
2.402000000000000000e+03
2.434000000000000000e+03
2.288000000000000000e+03
2.338000000000000000e+03
2.423000000000000000e+03
2.328000000000000000e+03
2.394000000000000000e+03
2.359000000000000000e+03
2.364000000000000000e+03
2.415000000000000000e+03
2.316000000000000000e+03
2.452000000000000000e+03
2.510000000000000000e+03
2.341000000000000000e+03
2.397000000000000000e+03
2.469000000000000000e+03
2.314000000000000000e+03
2.416000000000000000e+03
2.524000000000000000e+03
2.442000000000000000e+03
2.514000000000000000e+03
2.504000000000000000e+03
2.363000000000000000e+03
2.458000000000000000e+03
2.329000000000000000e+03
2.424000000000000000e+03
2.380000000000000000e+03
2.431000000000000000e+03
2.610000000000000000e+03
2.632000000000000000e+03
2.570000000000000000e+03
2.601000000000000000e+03
2.571000000000000000e+03
2.625000000000000000e+03
2.537000000000000000e+03
2.563000000000000000e+03
2.592000000000000000e+03
2.631000000000000000e+03
2.566000000000000000e+03
2.591000000000000000e+03
2.623000000000000000e+03
2.572000000000000000e+03
2.597000000000000000e+03
2.552000000000000000e+03
2.624000000000000000e+03
1.993000000000000000e+03
2.575000000000000000e+03
2.596000000000000000e+03
2.615000000000000000e+03
2.626000000000000000e+03
2.621000000000000000e+03
2.636000000000000000e+03
2.541000000000000000e+03
2.577000000000000000e+03
2.585000000000000000e+03
2.567000000000000000e+03
2.616000000000000000e+03
2.620000000000000000e+03
2.619000000000000000e+03
2.531000000000000000e+03
2.612000000000000000e+03
2.643000000000000000e+03
2.550000000000000000e+03
2.578000000000000000e+03
2.603000000000000000e+03
2.581000000000000000e+03
2.589000000000000000e+03
2.576000000000000000e+03
2.629000000000000000e+03
2.544000000000000000e+03
2.640000000000000000e+03
2.540000000000000000e+03
2.586000000000000000e+03
2.639000000000000000e+03
2.609000000000000000e+03
2.554000000000000000e+03
2.647000000000000000e+03
2.569000000000000000e+03
2.642000000000000000e+03
2.580000000000000000e+03
2.602000000000000000e+03
2.565000000000000000e+03
2.590000000000000000e+03
2.558000000000000000e+03
2.561000000000000000e+03
2.559000000000000000e+03
2.583000000000000000e+03
2.582000000000000000e+03
2.608000000000000000e+03
2.535000000000000000e+03
2.634000000000000000e+03
2.698000000000000000e+03
2.784000000000000000e+03
2.658000000000000000e+03
2.673000000000000000e+03
2.655000000000000000e+03
2.707000000000000000e+03
2.778000000000000000e+03
2.765000000000000000e+03
2.701000000000000000e+03
2.660000000000000000e+03
2.680000000000000000e+03
2.762000000000000000e+03
2.732000000000000000e+03
2.720000000000000000e+03
2.712000000000000000e+03
2.699000000000000000e+03
2.693000000000000000e+03
2.787000000000000000e+03
2.683000000000000000e+03
2.745000000000000000e+03
2.665000000000000000e+03
2.713000000000000000e+03
2.740000000000000000e+03
2.756000000000000000e+03
2.747000000000000000e+03
2.744000000000000000e+03
2.722000000000000000e+03
2.811000000000000000e+03
2.766000000000000000e+03
2.798000000000000000e+03
2.678000000000000000e+03
2.771000000000000000e+03
2.813000000000000000e+03
2.661000000000000000e+03
2.788000000000000000e+03
2.689000000000000000e+03
2.799000000000000000e+03
2.797000000000000000e+03
2.723000000000000000e+03
2.780000000000000000e+03
2.666000000000000000e+03
2.700000000000000000e+03
2.742000000000000000e+03
2.696000000000000000e+03
2.697000000000000000e+03
2.748000000000000000e+03
2.777000000000000000e+03
2.721000000000000000e+03
2.755000000000000000e+03
2.664000000000000000e+03
2.761000000000000000e+03
2.657000000000000000e+03
2.760000000000000000e+03
2.843000000000000000e+03
2.870000000000000000e+03
2.903000000000000000e+03
2.864000000000000000e+03
2.825000000000000000e+03
2.845000000000000000e+03
2.850000000000000000e+03
2.857000000000000000e+03
2.841000000000000000e+03
2.840000000000000000e+03
2.922000000000000000e+03
2.828000000000000000e+03
2.837000000000000000e+03
2.844000000000000000e+03
2.895000000000000000e+03
2.923000000000000000e+03
2.919000000000000000e+03
2.831000000000000000e+03
2.894000000000000000e+03
2.829000000000000000e+03
2.877000000000000000e+03
2.822000000000000000e+03
2.830000000000000000e+03
2.921000000000000000e+03
2.852000000000000000e+03
2.859000000000000000e+03
2.892000000000000000e+03
2.890000000000000000e+03
2.913000000000000000e+03
2.915000000000000000e+03
2.918000000000000000e+03
2.842000000000000000e+03
2.881000000000000000e+03
2.866000000000000000e+03
2.874000000000000000e+03
2.909000000000000000e+03
2.920000000000000000e+03
2.863000000000000000e+03
2.885000000000000000e+03
2.823000000000000000e+03
2.821000000000000000e+03
2.856000000000000000e+03
2.908000000000000000e+03
2.818000000000000000e+03
2.872000000000000000e+03
2.873000000000000000e+03
2.848000000000000000e+03
2.906000000000000000e+03
2.910000000000000000e+03
2.889000000000000000e+03
2.897000000000000000e+03
2.916000000000000000e+03
2.862000000000000000e+03
2.820000000000000000e+03
2.836000000000000000e+03
3.064000000000000000e+03
2.935000000000000000e+03
2.949000000000000000e+03
2.940000000000000000e+03
2.999000000000000000e+03
3.067000000000000000e+03
3.035000000000000000e+03
3.072000000000000000e+03
3.084000000000000000e+03
3.032000000000000000e+03
2.925000000000000000e+03
3.074000000000000000e+03
3.001000000000000000e+03
3.051000000000000000e+03
2.992000000000000000e+03
3.063000000000000000e+03
3.044000000000000000e+03
3.076000000000000000e+03
3.013000000000000000e+03
2.968000000000000000e+03
2.998000000000000000e+03
2.987000000000000000e+03
2.982000000000000000e+03
3.052000000000000000e+03
2.927000000000000000e+03
2.983000000000000000e+03
2.946000000000000000e+03
3.024000000000000000e+03
3.048000000000000000e+03
2.939000000000000000e+03
3.020000000000000000e+03
3.027000000000000000e+03
3.002000000000000000e+03
3.087000000000000000e+03
2.967000000000000000e+03
3.050000000000000000e+03
3.071000000000000000e+03
2.958000000000000000e+03
3.016000000000000000e+03
2.948000000000000000e+03
2.964000000000000000e+03
3.012000000000000000e+03
3.031000000000000000e+03
3.070000000000000000e+03
2.926000000000000000e+03
3.036000000000000000e+03
2.943000000000000000e+03
3.062000000000000000e+03
3.054000000000000000e+03
2.995000000000000000e+03
2.945000000000000000e+03
2.974000000000000000e+03
3.081000000000000000e+03
3.005000000000000000e+03
2.860000000000000000e+03
3.028000000000000000e+03
3.165000000000000000e+03
3.181000000000000000e+03
3.153000000000000000e+03
3.157000000000000000e+03
3.201000000000000000e+03
3.126000000000000000e+03
3.141000000000000000e+03
3.208000000000000000e+03
3.170000000000000000e+03
3.160000000000000000e+03
3.174000000000000000e+03
3.162000000000000000e+03
3.132000000000000000e+03
3.171000000000000000e+03
3.119000000000000000e+03
3.204000000000000000e+03
3.175000000000000000e+03
3.146000000000000000e+03
3.095000000000000000e+03
3.191000000000000000e+03
3.199000000000000000e+03
3.166000000000000000e+03
3.097000000000000000e+03
3.107000000000000000e+03
3.135000000000000000e+03
3.113000000000000000e+03
3.127000000000000000e+03
3.098000000000000000e+03
3.123000000000000000e+03
3.180000000000000000e+03
3.103000000000000000e+03
3.195000000000000000e+03
3.125000000000000000e+03
3.190000000000000000e+03
3.158000000000000000e+03
3.194000000000000000e+03
3.187000000000000000e+03
3.169000000000000000e+03
3.142000000000000000e+03
3.148000000000000000e+03
