82
48
77
53
40
55
3
26
30
56
76
41
44
2
29
45
10
31
38
84
28
11
57
68
1.910000000000000000e+02
1.590000000000000000e+02
1.280000000000000000e+02
1.140000000000000000e+02
2.110000000000000000e+02
1.790000000000000000e+02
1.320000000000000000e+02
1.340000000000000000e+02
1.030000000000000000e+02
1.430000000000000000e+02
1.880000000000000000e+02
1.630000000000000000e+02
1.890000000000000000e+02
1.760000000000000000e+02
1.780000000000000000e+02
1.470000000000000000e+02
1.970000000000000000e+02
1.920000000000000000e+02
2.040000000000000000e+02
1.640000000000000000e+02
1.210000000000000000e+02
1.600000000000000000e+02
2.010000000000000000e+02
1.300000000000000000e+02
1.350000000000000000e+02
2.080000000000000000e+02
1.690000000000000000e+02
1.370000000000000000e+02
2.090000000000000000e+02
1.200000000000000000e+02
1.000000000000000000e+02
1.540000000000000000e+02
2.050000000000000000e+02
1.560000000000000000e+02
1.980000000000000000e+02
1.120000000000000000e+02
2.120000000000000000e+02
1.770000000000000000e+02
1.550000000000000000e+02
1.840000000000000000e+02
1.170000000000000000e+02
1.190000000000000000e+02
1.660000000000000000e+02
1.230000000000000000e+02
1.990000000000000000e+02
2.070000000000000000e+02
9.900000000000000000e+01
2.060000000000000000e+02
1.720000000000000000e+02
1.070000000000000000e+02
1.950000000000000000e+02
1.820000000000000000e+02
2.020000000000000000e+02
1.680000000000000000e+02
1.900000000000000000e+02
1.940000000000000000e+02
1.860000000000000000e+02
1.360000000000000000e+02
1.160000000000000000e+02
1.730000000000000000e+02
1.670000000000000000e+02
1.390000000000000000e+02
2.130000000000000000e+02
1.100000000000000000e+02
1.440000000000000000e+02
1.650000000000000000e+02
1.090000000000000000e+02
1.060000000000000000e+02
1.490000000000000000e+02
1.040000000000000000e+02
1.800000000000000000e+02
1.110000000000000000e+02
1.870000000000000000e+02
1.570000000000000000e+02
1.220000000000000000e+02
1.260000000000000000e+02
1.580000000000000000e+02
1.250000000000000000e+02
1.830000000000000000e+02
1.750000000000000000e+02
1.330000000000000000e+02
1.710000000000000000e+02
1.460000000000000000e+02
1.270000000000000000e+02
1.740000000000000000e+02
1.180000000000000000e+02
1.850000000000000000e+02
1.420000000000000000e+02
1.620000000000000000e+02
1.290000000000000000e+02
1.310000000000000000e+02
1.400000000000000000e+02
2.030000000000000000e+02
1.700000000000000000e+02
1.500000000000000000e+02
1.240000000000000000e+02
1.130000000000000000e+02
1.450000000000000000e+02
1.610000000000000000e+02
1.020000000000000000e+02
1.010000000000000000e+02
1.080000000000000000e+02
1.810000000000000000e+02
1.410000000000000000e+02
1.530000000000000000e+02
2.100000000000000000e+02
1.960000000000000000e+02
1.150000000000000000e+02
1.930000000000000000e+02
2.000000000000000000e+02
1.380000000000000000e+02
1.480000000000000000e+02
1.520000000000000000e+02
1.510000000000000000e+02
1.050000000000000000e+02

211
3.330000000000000000e+02
3.350000000000000000e+02
3.900000000000000000e+02
3.590000000000000000e+02
4.250000000000000000e+02
3.480000000000000000e+02
3.300000000000000000e+02
3.310000000000000000e+02
2.340000000000000000e+02
3.250000000000000000e+02
3.830000000000000000e+02
4.100000000000000000e+02
2.440000000000000000e+02
4.680000000000000000e+02
2.140000000000000000e+02
3.640000000000000000e+02
2.150000000000000000e+02
3.820000000000000000e+02
3.170000000000000000e+02
4.450000000000000000e+02
2.480000000000000000e+02
2.630000000000000000e+02
3.040000000000000000e+02
3.220000000000000000e+02
4.780000000000000000e+02
4.110000000000000000e+02
4.760000000000000000e+02
4.370000000000000000e+02
4.830000000000000000e+02
4.840000000000000000e+02
4.210000000000000000e+02
3.990000000000000000e+02
2.390000000000000000e+02
3.790000000000000000e+02
2.470000000000000000e+02
2.520000000000000000e+02
4.580000000000000000e+02
3.360000000000000000e+02
4.170000000000000000e+02
3.810000000000000000e+02
4.540000000000000000e+02
4.140000000000000000e+02
3.620000000000000000e+02
4.190000000000000000e+02
4.390000000000000000e+02
3.500000000000000000e+02
2.740000000000000000e+02
3.390000000000000000e+02
4.050000000000000000e+02
3.430000000000000000e+02
4.460000000000000000e+02
4.490000000000000000e+02
2.450000000000000000e+02
3.010000000000000000e+02
4.240000000000000000e+02
2.250000000000000000e+02
4.640000000000000000e+02
3.540000000000000000e+02
4.260000000000000000e+02
3.980000000000000000e+02
2.400000000000000000e+02
2.880000000000000000e+02
2.840000000000000000e+02
2.710000000000000000e+02
3.030000000000000000e+02
2.290000000000000000e+02
2.510000000000000000e+02
3.750000000000000000e+02
3.420000000000000000e+02
2.600000000000000000e+02
3.340000000000000000e+02
4.380000000000000000e+02
3.580000000000000000e+02
3.710000000000000000e+02
4.090000000000000000e+02
4.130000000000000000e+02
4.600000000000000000e+02
3.730000000000000000e+02
4.710000000000000000e+02
4.160000000000000000e+02
4.350000000000000000e+02
3.130000000000000000e+02
3.530000000000000000e+02
4.660000000000000000e+02
3.920000000000000000e+02
4.120000000000000000e+02
333
335
359
348
330
331
325
364
382
317
322
379
336
381
362
350
339
343
354
375
342
334
358
371
373
313
353
5.130000000000000000e+02
5.590000000000000000e+02
5.550000000000000000e+02
5.110000000000000000e+02
4.940000000000000000e+02
5.470000000000000000e+02
5.200000000000000000e+02
5.670000000000000000e+02
6.140000000000000000e+02
4.990000000000000000e+02
5.750000000000000000e+02
5.050000000000000000e+02
5.640000000000000000e+02
6.050000000000000000e+02
5.380000000000000000e+02
5.240000000000000000e+02
5.500000000000000000e+02
5.300000000000000000e+02
4.930000000000000000e+02
6.070000000000000000e+02


5.280000000000000000e+02
5.900000000000000000e+02
5.320000000000000000e+02
4.970000000000000000e+02
5.250000000000000000e+02
5.540000000000000000e+02
5.160000000000000000e+02
5.790000000000000000e+02
5.980000000000000000e+02
5.180000000000000000e+02
5.210000000000000000e+02
5.420000000000000000e+02
5.090000000000000000e+02
5.850000000000000000e+02
5.070000000000000000e+02
5.270000000000000000e+02
5.650000000000000000e+02
5.700000000000000000e+02
4.920000000000000000e+02
5.490000000000000000e+02
5.620000000000000000e+02
5.370000000000000000e+02
5.230000000000000000e+02
5.920000000000000000e+02


2.460000000000000000e+02
4.340000000000000000e+02
4.300000000000000000e+02
4.290000000000000000e+02
5.460000000000000000e+02
6.510000000000000000e+02
8.400000000000000000e+02
8.550000000000000000e+02
6.540000000000000000e+02
6.550000000000000000e+02
8.600000000000000000e+02
9.310000000000000000e+02
6.810000000000000000e+02
8.100000000000000000e+02
9.200000000000000000e+02
6.310000000000000000e+02
8.310000000000000000e+02
6.610000000000000000e+02
8.520000000000000000e+02
6.300000000000000000e+02
9.210000000000000000e+02
9.540000000000000000e+02
6.660000000000000000e+02
6.480000000000000000e+02
8.980000000000000000e+02
7.250000000000000000e+02
6.980000000000000000e+02
8.950000000000000000e+02
8.880000000000000000e+02
6.700000000000000000e+02
9.260000000000000000e+02
9.080000000000000000e+02
8.260000000000000000e+02
9.320000000000000000e+02
8.450000000000000000e+02
7.440000000000000000e+02
8.390000000000000000e+02
6.590000000000000000e+02
9.100000000000000000e+02
9.460000000000000000e+02
7.580000000000000000e+02
8.320000000000000000e+02
7.390000000000000000e+02
6.890000000000000000e+02
9.030000000000000000e+02
6.950000000000000000e+02
6.260000000000000000e+02
8.210000000000000000e+02
7.740000000000000000e+02
7.900000000000000000e+02
8.340000000000000000e+02
7.290000000000000000e+02
8.700000000000000000e+02
8.480000000000000000e+02
7.430000000000000000e+02
7.510000000000000000e+02
6.370000000000000000e+02
9.240000000000000000e+02
7.130000000000000000e+02
9.490000000000000000e+02
9.470000000000000000e+02
7.240000000000000000e+02
9.600000000000000000e+02
7.690000000000000000e+02
7.090000000000000000e+02
8.860000000000000000e+02
7.540000000000000000e+02
7.670000000000000000e+02
7.460000000000000000e+02
6.970000000000000000e+02
8.890000000000000000e+02
8.190000000000000000e+02
6.640000000000000000e+02
6.930000000000000000e+02
8.720000000000000000e+02
7.800000000000000000e+02
7.100000000000000000e+02
7.280000000000000000e+02
8.280000000000000000e+02
9.270000000000000000e+02
6.900000000000000000e+02
7.890000000000000000e+02
8.200000000000000000e+02
8.740000000000000000e+02
8.630000000000000000e+02
6.340000000000000000e+02
8.060000000000000000e+02
8.530000000000000000e+02
7.990000000000000000e+02
9.570000000000000000e+02
9.640000000000000000e+02
8.000000000000000000e+02
6.330000000000000000e+02
8.780000000000000000e+02
8.660000000000000000e+02
7.910000000000000000e+02
6.560000000000000000e+02
8.570000000000000000e+02
8.760000000000000000e+02
6.850000000000000000e+02
7.520000000000000000e+02
9.010000000000000000e+02
7.600000000000000000e+02
6.630000000000000000e+02
9.050000000000000000e+02
7.750000000000000000e+02
6.210000000000000000e+02
7.370000000000000000e+02
7.310000000000000000e+02
8.020000000000000000e+02
6.740000000000000000e+02
6.230000000000000000e+02
6.710000000000000000e+02
6.870000000000000000e+02
7.680000000000000000e+02
7.570000000000000000e+02
8.420000000000000000e+02
8.470000000000000000e+02
6.570000000000000000e+02
7.760000000000000000e+02
1.088000000000000000e+03
1.048000000000000000e+03
1.014000000000000000e+03
1.097000000000000000e+03
9.840000000000000000e+02
9.820000000000000000e+02
1.175000000000000000e+03
1.067000000000000000e+03
1.152000000000000000e+03
1.183000000000000000e+03
9.890000000000000000e+02
1.072000000000000000e+03
1.196000000000000000e+03
1.008000000000000000e+03
1.070000000000000000e+03
1.164000000000000000e+03
1.040000000000000000e+03
1.052000000000000000e+03
1.172000000000000000e+03
1.076000000000000000e+03
9.730000000000000000e+02
9.780000000000000000e+02
1.124000000000000000e+03
9.750000000000000000e+02
1.143000000000000000e+03
1.190000000000000000e+03
1.184000000000000000e+03
1.045000000000000000e+03
1.187000000000000000e+03
1.163000000000000000e+03
1.098000000000000000e+03
1.026000000000000000e+03
1.167000000000000000e+03
1.078000000000000000e+03
1.071000000000000000e+03
1.035000000000000000e+03
1.005000000000000000e+03
1.091000000000000000e+03
1.050000000000000000e+03
1.002000000000000000e+03
1.185000000000000000e+03
1.059000000000000000e+03
1.123000000000000000e+03
1.006000000000000000e+03
1.188000000000000000e+03
1.044000000000000000e+03
1.197000000000000000e+03
1.039000000000000000e+03
1.161000000000000000e+03
9.830000000000000000e+02
1.140000000000000000e+03
1.034000000000000000e+03
1.047000000000000000e+03
9.720000000000000000e+02
1.055000000000000000e+03
1.182000000000000000e+03
1.019000000000000000e+03
1.010000000000000000e+03
9.940000000000000000e+02
1.066000000000000000e+03
1.118000000000000000e+03
1.204000000000000000e+03
1.119000000000000000e+03
1.029000000000000000e+03
1.117000000000000000e+03
1.073000000000000000e+03
1.194000000000000000e+03
1.043000000000000000e+03
1.087000000000000000e+03
9.950000000000000000e+02
1.023000000000000000e+03
9.960000000000000000e+02
9.880000000000000000e+02
1.083000000000000000e+03
1.058000000000000000e+03
1.160000000000000000e+03
1.176000000000000000e+03
1.134000000000000000e+03
1.105000000000000000e+03
1.171000000000000000e+03
1.133000000000000000e+03
1.307000000000000000e+03
6.550000000000000000e+02
5.460000000000000000e+02
1.211000000000000000e+03
1.305000000000000000e+03
1.313000000000000000e+03
7.130000000000000000e+02
1.222000000000000000e+03
6.230000000000000000e+02
7.600000000000000000e+02
1.336000000000000000e+03
1.295000000000000000e+03
1.262000000000000000e+03
1.275000000000000000e+03
1.212000000000000000e+03
1.217000000000000000e+03
7.520000000000000000e+02
1.314000000000000000e+03
1.286000000000000000e+03
1.258000000000000000e+03
1.328000000000000000e+03
8.310000000000000000e+02
1.259000000000000000e+03
1.332000000000000000e+03
1.308000000000000000e+03
1.290000000000000000e+03
7.570000000000000000e+02
1.231000000000000000e+03
1.239000000000000000e+03
1.284000000000000000e+03
1.230000000000000000e+03
1.228000000000000000e+03
1.288000000000000000e+03
1.216000000000000000e+03
7.460000000000000000e+02
1.257000000000000000e+03
1.268000000000000000e+03
6.330000000000000000e+02
1.234000000000000000e+03
8.480000000000000000e+02
1.327000000000000000e+03
1.254000000000000000e+03
1.248000000000000000e+03
6.160000000000000000e+02
1.276000000000000000e+03
1.256000000000000000e+03
1.323000000000000000e+03
1.232000000000000000e+03
7.440000000000000000e+02
1.324000000000000000e+03
1.246000000000000000e+03
1.227000000000000000e+03
1.242000000000000000e+03
5.030000000000000000e+02
1.277000000000000000e+03
8.550000000000000000e+02
1.251000000000000000e+03
6.340000000000000000e+02
1.318000000000000000e+03
1.218000000000000000e+03
1.506000000000000000e+03
1.490000000000000000e+03
1.361000000000000000e+03
1.385000000000000000e+03
1.469000000000000000e+03
1.519000000000000000e+03
1.409000000000000000e+03
1.481000000000000000e+03
1.353000000000000000e+03
1.424000000000000000e+03
1.474000000000000000e+03
1.480000000000000000e+03
1.356000000000000000e+03
1.472000000000000000e+03
1.484000000000000000e+03
1.448000000000000000e+03
1.368000000000000000e+03
1.477000000000000000e+03
1.352000000000000000e+03
1.505000000000000000e+03
1.520000000000000000e+03
1.414000000000000000e+03
1.373000000000000000e+03
1.438000000000000000e+03
1.410000000000000000e+03
1.346000000000000000e+03
1.451000000000000000e+03
1.366000000000000000e+03
1.447000000000000000e+03
1.429000000000000000e+03
1.462000000000000000e+03
1.418000000000000000e+03
1.524000000000000000e+03
1.349000000000000000e+03
1.350000000000000000e+03
1.514000000000000000e+03
1.417000000000000000e+03
1.502000000000000000e+03
1.517000000000000000e+03
1.403000000000000000e+03
1.363000000000000000e+03
1.463000000000000000e+03
1.464000000000000000e+03
1.400000000000000000e+03
1.449000000000000000e+03
1.413000000000000000e+03
1.431000000000000000e+03
1.442000000000000000e+03
1.387000000000000000e+03
1.504000000000000000e+03
1.454000000000000000e+03
1.402000000000000000e+03
1.432000000000000000e+03
1.398000000000000000e+03
1.360000000000000000e+03
1.423000000000000000e+03
1.465000000000000000e+03
1.500000000000000000e+03
1.476000000000000000e+03
1.391000000000000000e+03
1.404000000000000000e+03
1.619000000000000000e+03
1.642000000000000000e+03
1.661000000000000000e+03
1.681000000000000000e+03
1.556000000000000000e+03
1.657000000000000000e+03
1.660000000000000000e+03
1.553000000000000000e+03
1.540000000000000000e+03
1.587000000000000000e+03
1.614000000000000000e+03
1.617000000000000000e+03
1.532000000000000000e+03
1.654000000000000000e+03
1.543000000000000000e+03
1.570000000000000000e+03
1.603000000000000000e+03
1.547000000000000000e+03
1.638000000000000000e+03
1.651000000000000000e+03
1.589000000000000000e+03
1.670000000000000000e+03
1.678000000000000000e+03
1.534000000000000000e+03
1.545000000000000000e+03
1.662000000000000000e+03
1.539000000000000000e+03
1.610000000000000000e+03
1.635000000000000000e+03
1.559000000000000000e+03
1.685000000000000000e+03
1.594000000000000000e+03
1.644000000000000000e+03
1.634000000000000000e+03
1.613000000000000000e+03
1.628000000000000000e+03
1.605000000000000000e+03
1.567000000000000000e+03
1.653000000000000000e+03
1.652000000000000000e+03
1.595000000000000000e+03
1.645000000000000000e+03
1.585000000000000000e+03
1.562000000000000000e+03
1.640000000000000000e+03
1.625000000000000000e+03
1.599000000000000000e+03
1.612000000000000000e+03
1.677000000000000000e+03
1.624000000000000000e+03
1.548000000000000000e+03
1.680000000000000000e+03
1.618000000000000000e+03
1.565000000000000000e+03
1.801000000000000000e+03
1.751000000000000000e+03
1.734000000000000000e+03
1.713000000000000000e+03
1.708000000000000000e+03
1.840000000000000000e+03
1.832000000000000000e+03
1.824000000000000000e+03
1.703000000000000000e+03
1.717000000000000000e+03
1.776000000000000000e+03
1.740000000000000000e+03
1.800000000000000000e+03
1.692000000000000000e+03
1.789000000000000000e+03
1.726000000000000000e+03
1.715000000000000000e+03
1.795000000000000000e+03
1.758000000000000000e+03
1.791000000000000000e+03
1.754000000000000000e+03
1.788000000000000000e+03
1.710000000000000000e+03
1.712000000000000000e+03
1.773000000000000000e+03
1.738000000000000000e+03
1.764000000000000000e+03
1.785000000000000000e+03
1.825000000000000000e+03
1.846000000000000000e+03
1.807000000000000000e+03
1.701000000000000000e+03
1.760000000000000000e+03
1.714000000000000000e+03
1.699000000000000000e+03
1.698000000000000000e+03
1.811000000000000000e+03
1.769000000000000000e+03
1.790000000000000000e+03
1.724000000000000000e+03
1.744000000000000000e+03
1.820000000000000000e+03
1.775000000000000000e+03
1.735000000000000000e+03
1.749000000000000000e+03
1.742000000000000000e+03
1.819000000000000000e+03
1.739000000000000000e+03
1.733000000000000000e+03
1.833000000000000000e+03
1.828000000000000000e+03
1.725000000000000000e+03
1.750000000000000000e+03
7.290000000000000000e+02
2.030000000000000000e+03
1.920000000000000000e+03
2.058000000000000000e+03
1.859000000000000000e+03
1.872000000000000000e+03
1.879000000000000000e+03
1.941000000000000000e+03
1.867000000000000000e+03
2.013000000000000000e+03
2.028000000000000000e+03
2.103000000000000000e+03
1.998000000000000000e+03
2.111000000000000000e+03
1.972000000000000000e+03
2.066000000000000000e+03
2.007000000000000000e+03
1.906000000000000000e+03
1.927000000000000000e+03
1.930000000000000000e+03
2.113000000000000000e+03
2.023000000000000000e+03
2.012000000000000000e+03
2.067000000000000000e+03
1.874000000000000000e+03
1.985000000000000000e+03
2.082000000000000000e+03
1.980000000000000000e+03
1.934000000000000000e+03
1.907000000000000000e+03
2.043000000000000000e+03
2.049000000000000000e+03
2.015000000000000000e+03
2.100000000000000000e+03
1.869000000000000000e+03
2.008000000000000000e+03
2.077000000000000000e+03
1.926000000000000000e+03
1.974000000000000000e+03
1.890000000000000000e+03
2.080000000000000000e+03
2.006000000000000000e+03
2.029000000000000000e+03
1.915000000000000000e+03
2.002000000000000000e+03
1.962000000000000000e+03
1.895000000000000000e+03
1.966000000000000000e+03
1.914000000000000000e+03
1.864000000000000000e+03
2.090000000000000000e+03
1.961000000000000000e+03
1.851000000000000000e+03
1.928000000000000000e+03
2.069000000000000000e+03
1.997000000000000000e+03
1.984000000000000000e+03
2.065000000000000000e+03
1.848000000000000000e+03
2.048000000000000000e+03
1.929000000000000000e+03
1.981000000000000000e+03
2.010000000000000000e+03
1.909000000000000000e+03
1.865000000000000000e+03
2.088000000000000000e+03
2.014000000000000000e+03
1.854000000000000000e+03
2.022000000000000000e+03
1.852000000000000000e+03
1.946000000000000000e+03
2.053000000000000000e+03
1.862000000000000000e+03
2.040000000000000000e+03
1.860000000000000000e+03
1.948000000000000000e+03
1.902000000000000000e+03
2.055000000000000000e+03
2.011000000000000000e+03
1.877000000000000000e+03
1.957000000000000000e+03
2.004000000000000000e+03
1.899000000000000000e+03
2.052000000000000000e+03
1.888000000000000000e+03
2.084000000000000000e+03
1.884000000000000000e+03
2.042000000000000000e+03
1.903000000000000000e+03
2.087000000000000000e+03
2.174000000000000000e+03
2.275000000000000000e+03
2.134000000000000000e+03
2.177000000000000000e+03
2.163000000000000000e+03
2.140000000000000000e+03
2.211000000000000000e+03
2.209000000000000000e+03
2.233000000000000000e+03
2.205000000000000000e+03
2.257000000000000000e+03
2.128000000000000000e+03
2.234000000000000000e+03
2.210000000000000000e+03
2.294000000000000000e+03
2.135000000000000000e+03
2.132000000000000000e+03
2.125000000000000000e+03
2.293000000000000000e+03
2.164000000000000000e+03
2.195000000000000000e+03
2.225000000000000000e+03
2.116000000000000000e+03
2.265000000000000000e+03
2.216000000000000000e+03
2.267000000000000000e+03
2.260000000000000000e+03
2.263000000000000000e+03
2.236000000000000000e+03
2.311000000000000000e+03
2.297000000000000000e+03
2.304000000000000000e+03
2.145000000000000000e+03
2.150000000000000000e+03
2.235000000000000000e+03
2.208000000000000000e+03
2.138000000000000000e+03
2.243000000000000000e+03
2.308000000000000000e+03
2.186000000000000000e+03
2.247000000000000000e+03
2.276000000000000000e+03
2.301000000000000000e+03
2.213000000000000000e+03
2.219000000000000000e+03
2.180000000000000000e+03
2.287000000000000000e+03
2.156000000000000000e+03
2.181000000000000000e+03
2.237000000000000000e+03
2.144000000000000000e+03
2.160000000000000000e+03
2.251000000000000000e+03
2.149000000000000000e+03
2.201000000000000000e+03
2.159000000000000000e+03
2.253000000000000000e+03
2.191000000000000000e+03
2.151000000000000000e+03
2.152000000000000000e+03
2.193000000000000000e+03
2.303000000000000000e+03
2.148000000000000000e+03
2.204000000000000000e+03
2.139000000000000000e+03
2.283000000000000000e+03
2.270000000000000000e+03
2.137000000000000000e+03
2.241000000000000000e+03
2.189000000000000000e+03
2.224000000000000000e+03
2.278000000000000000e+03
2.168000000000000000e+03
2.183000000000000000e+03
2.171000000000000000e+03
2.242000000000000000e+03
2.268000000000000000e+03
2.232000000000000000e+03
2.218000000000000000e+03
2.166000000000000000e+03
2.185000000000000000e+03
2.155000000000000000e+03
2.240000000000000000e+03
2.115000000000000000e+03
2.192000000000000000e+03
2.190000000000000000e+03
2.261000000000000000e+03
2.172000000000000000e+03
2.124000000000000000e+03
2.264000000000000000e+03
2.298000000000000000e+03
1.847000000000000000e+03
2.122000000000000000e+03
2.146000000000000000e+03
2.161000000000000000e+03
2.131000000000000000e+03
2.220000000000000000e+03
2.239000000000000000e+03
2.126000000000000000e+03
2.334000000000000000e+03
2.480000000000000000e+03
2.337000000000000000e+03
2.408000000000000000e+03
2.498000000000000000e+03
2.527000000000000000e+03
2.384000000000000000e+03
2.376000000000000000e+03
2.375000000000000000e+03
2.511000000000000000e+03
2.441000000000000000e+03
2.509000000000000000e+03
2.488000000000000000e+03
2.405000000000000000e+03
2.440000000000000000e+03
2.335000000000000000e+03
2.368000000000000000e+03
2.487000000000000000e+03
2.420000000000000000e+03
2.413000000000000000e+03
2.461000000000000000e+03
2.427000000000000000e+03
2.333000000000000000e+03
2.395000000000000000e+03
2.448000000000000000e+03
2.347000000000000000e+03
2.529000000000000000e+03
2.512000000000000000e+03
2.433000000000000000e+03
2.350000000000000000e+03
2.344000000000000000e+03
2.429000000000000000e+03
2.401000000000000000e+03
2.336000000000000000e+03
2.526000000000000000e+03
2.470000000000000000e+03
2.330000000000000000e+03
2.463000000000000000e+03
2.460000000000000000e+03
2.528000000000000000e+03
2.479000000000000000e+03
2.421000000000000000e+03
2.455000000000000000e+03
2.439000000000000000e+03
2.399000000000000000e+03
2.435000000000000000e+03
2.473000000000000000e+03
2.379000000000000000e+03
2.447000000000000000e+03
2.326000000000000000e+03
2.426000000000000000e+03
2.513000000000000000e+03
2.436000000000000000e+03
2.503000000000000000e+03
2.518000000000000000e+03
2.491000000000000000e+03
2.320000000000000000e+03
2.419000000000000000e+03
2.477000000000000000e+03
2.484000000000000000e+03
2.468000000000000000e+03
2.377000000000000000e+03
2.346000000000000000e+03
2.489000000000000000e+03
2.446000000000000000e+03
2.471000000000000000e+03
2.342000000000000000e+03
2.432000000000000000e+03
2.515000000000000000e+03
2.393000000000000000e+03
2.407000000000000000e+03
2.483000000000000000e+03
2.317000000000000000e+03
2.579000000000000000e+03
2.650000000000000000e+03
2.613000000000000000e+03
2.548000000000000000e+03
2.652000000000000000e+03
2.648000000000000000e+03
2.593000000000000000e+03
2.568000000000000000e+03
2.536000000000000000e+03
2.641000000000000000e+03
2.553000000000000000e+03
2.617000000000000000e+03
2.574000000000000000e+03
2.547000000000000000e+03
2.588000000000000000e+03
2.533000000000000000e+03
2.644000000000000000e+03
2.630000000000000000e+03
2.611000000000000000e+03
2.573000000000000000e+03
2.628000000000000000e+03
2.635000000000000000e+03
2.600000000000000000e+03
2.598000000000000000e+03
2.538000000000000000e+03
2.646000000000000000e+03
2.557000000000000000e+03
2.604000000000000000e+03
2.549000000000000000e+03
2.651000000000000000e+03
2.654000000000000000e+03
2.618000000000000000e+03
2.607000000000000000e+03
2.614000000000000000e+03
2.645000000000000000e+03
2.560000000000000000e+03
2.542000000000000000e+03
2.622000000000000000e+03
2.546000000000000000e+03
2.637000000000000000e+03
2.594000000000000000e+03
2.649000000000000000e+03
1.000000000000000000e+00
2.530000000000000000e+03
2.605000000000000000e+03
2.534000000000000000e+03
2.555000000000000000e+03
2.627000000000000000e+03
2.638000000000000000e+03
2.633000000000000000e+03
2.587000000000000000e+03
2.545000000000000000e+03
2.532000000000000000e+03
2.595000000000000000e+03
2.556000000000000000e+03
2.653000000000000000e+03
2.543000000000000000e+03
2.564000000000000000e+03
2.584000000000000000e+03
2.562000000000000000e+03
2.606000000000000000e+03
2.539000000000000000e+03
2.551000000000000000e+03
2.729000000000000000e+03
2.810000000000000000e+03
2.804000000000000000e+03
2.709000000000000000e+03
2.808000000000000000e+03
2.735000000000000000e+03
2.802000000000000000e+03
2.794000000000000000e+03
2.684000000000000000e+03
2.746000000000000000e+03
2.734000000000000000e+03
2.731000000000000000e+03
2.779000000000000000e+03
2.759000000000000000e+03
2.663000000000000000e+03
2.753000000000000000e+03
2.706000000000000000e+03
2.776000000000000000e+03
2.704000000000000000e+03
2.758000000000000000e+03
2.677000000000000000e+03
2.670000000000000000e+03
2.686000000000000000e+03
2.728000000000000000e+03
2.725000000000000000e+03
2.688000000000000000e+03
2.736000000000000000e+03
2.675000000000000000e+03
2.692000000000000000e+03
2.656000000000000000e+03
2.763000000000000000e+03
2.730000000000000000e+03
2.710000000000000000e+03
2.719000000000000000e+03
2.809000000000000000e+03
2.690000000000000000e+03
2.714000000000000000e+03
2.786000000000000000e+03
2.599000000000000000e+03
2.805000000000000000e+03
2.783000000000000000e+03
2.793000000000000000e+03
2.702000000000000000e+03
2.767000000000000000e+03
2.659000000000000000e+03
2.781000000000000000e+03
2.674000000000000000e+03
2.716000000000000000e+03
2.694000000000000000e+03
2.801000000000000000e+03
2.774000000000000000e+03
2.741000000000000000e+03
2.681000000000000000e+03
2.900000000000000000e+03
2.888000000000000000e+03
2.834000000000000000e+03
2.839000000000000000e+03
2.861000000000000000e+03
2.898000000000000000e+03
2.883000000000000000e+03
2.891000000000000000e+03
2.855000000000000000e+03
2.835000000000000000e+03
2.826000000000000000e+03
2.708000000000000000e+03
2.907000000000000000e+03
2.849000000000000000e+03
2.868000000000000000e+03
2.833000000000000000e+03
2.847000000000000000e+03
2.853000000000000000e+03
2.912000000000000000e+03
2.884000000000000000e+03
2.904000000000000000e+03
2.869000000000000000e+03
2.824000000000000000e+03
2.814000000000000000e+03
2.886000000000000000e+03
2.896000000000000000e+03
2.902000000000000000e+03
2.832000000000000000e+03
2.878000000000000000e+03
2.865000000000000000e+03
2.867000000000000000e+03
2.893000000000000000e+03
2.882000000000000000e+03
2.846000000000000000e+03
2.911000000000000000e+03
2.817000000000000000e+03
2.879000000000000000e+03
2.838000000000000000e+03
2.858000000000000000e+03
2.914000000000000000e+03
2.917000000000000000e+03
2.871000000000000000e+03
2.887000000000000000e+03
2.854000000000000000e+03
2.875000000000000000e+03
2.901000000000000000e+03
2.816000000000000000e+03
2.815000000000000000e+03
2.876000000000000000e+03
2.905000000000000000e+03
2.899000000000000000e+03
2.880000000000000000e+03
2.851000000000000000e+03
2.819000000000000000e+03
2.827000000000000000e+03
2.924000000000000000e+03
3.034000000000000000e+03
2.930000000000000000e+03
3.085000000000000000e+03
2.962000000000000000e+03
3.018000000000000000e+03
3.046000000000000000e+03
3.082000000000000000e+03
3.089000000000000000e+03
3.066000000000000000e+03
3.075000000000000000e+03
3.006000000000000000e+03
3.000000000000000000e+03
2.942000000000000000e+03
3.030000000000000000e+03
3.086000000000000000e+03
3.022000000000000000e+03
2.972000000000000000e+03
2.979000000000000000e+03
2.976000000000000000e+03
2.944000000000000000e+03
2.993000000000000000e+03
2.994000000000000000e+03
3.029000000000000000e+03
3.059000000000000000e+03
2.977000000000000000e+03
3.088000000000000000e+03
3.065000000000000000e+03
2.953000000000000000e+03
2.965000000000000000e+03
2.934000000000000000e+03
2.978000000000000000e+03
3.007000000000000000e+03
2.969000000000000000e+03
3.021000000000000000e+03
3.019000000000000000e+03
2.963000000000000000e+03
2.991000000000000000e+03
3.057000000000000000e+03
2.959000000000000000e+03
3.060000000000000000e+03
2.957000000000000000e+03
3.025000000000000000e+03
3.015000000000000000e+03
3.003000000000000000e+03
2.929000000000000000e+03
3.080000000000000000e+03
3.011000000000000000e+03
3.061000000000000000e+03
2.938000000000000000e+03
3.008000000000000000e+03
2.996000000000000000e+03
3.004000000000000000e+03
2.986000000000000000e+03
2.955000000000000000e+03
2.954000000000000000e+03
3.206000000000000000e+03
3.200000000000000000e+03
3.134000000000000000e+03
3.112000000000000000e+03
3.161000000000000000e+03
3.124000000000000000e+03
3.137000000000000000e+03
3.110000000000000000e+03
3.189000000000000000e+03
3.104000000000000000e+03
3.121000000000000000e+03
3.151000000000000000e+03
3.172000000000000000e+03
3.143000000000000000e+03
3.212000000000000000e+03
3.096000000000000000e+03
3.108000000000000000e+03
3.192000000000000000e+03
3.186000000000000000e+03
3.179000000000000000e+03
3.102000000000000000e+03
3.178000000000000000e+03
3.159000000000000000e+03
3.163000000000000000e+03
3.093000000000000000e+03
3.145000000000000000e+03
3.101000000000000000e+03
3.205000000000000000e+03
3.211000000000000000e+03
3.209000000000000000e+03
3.202000000000000000e+03
3.182000000000000000e+03
3.128000000000000000e+03
3.105000000000000000e+03
3.155000000000000000e+03
3.114000000000000000e+03
3.130000000000000000e+03
3.136000000000000000e+03
3.106000000000000000e+03
3.154000000000000000e+03
3.306000000000000000e+03
3.274000000000000000e+03
3.233000000000000000e+03
3.297000000000000000e+03
3.094000000000000000e+03
3.300000000000000000e+03
3.253000000000000000e+03
3.226000000000000000e+03
3.243000000000000000e+03
3.239000000000000000e+03
3.277000000000000000e+03
3.289000000000000000e+03
3.262000000000000000e+03
3.290000000000000000e+03
3.299000000000000000e+03
3.259000000000000000e+03
3.312000000000000000e+03
3.307000000000000000e+03
3.258000000000000000e+03
3.242000000000000000e+03
3.222000000000000000e+03
3.236000000000000000e+03
3.237000000000000000e+03
3.288000000000000000e+03
3.260000000000000000e+03
3.311000000000000000e+03
3.247000000000000000e+03
3.245000000000000000e+03
3.138000000000000000e+03
3.224000000000000000e+03
3.257000000000000000e+03
3.223000000000000000e+03
3.235000000000000000e+03
3.281000000000000000e+03
3.255000000000000000e+03
3.304000000000000000e+03
3.298000000000000000e+03
3.435000000000000000e+03
3.408000000000000000e+03
3.407000000000000000e+03
3.455000000000000000e+03
3.429000000000000000e+03
3.406000000000000000e+03
3.423000000000000000e+03
3.377000000000000000e+03
3.449000000000000000e+03
3.386000000000000000e+03
3.424000000000000000e+03
3.380000000000000000e+03
3.330000000000000000e+03
3.403000000000000000e+03
3.426000000000000000e+03
3.437000000000000000e+03
3.404000000000000000e+03
3.362000000000000000e+03
3.428000000000000000e+03
3.336000000000000000e+03
3.373000000000000000e+03
3.388000000000000000e+03
3.368000000000000000e+03
3.440000000000000000e+03
3.427000000000000000e+03
3.391000000000000000e+03
3.418000000000000000e+03
3.413000000000000000e+03
3.364000000000000000e+03
3.419000000000000000e+03
3.402000000000000000e+03
3.401000000000000000e+03
3.379000000000000000e+03
3.347000000000000000e+03
3.436000000000000000e+03
3.334000000000000000e+03
3.456000000000000000e+03
3.349000000000000000e+03
3.400000000000000000e+03
3.365000000000000000e+03
3.442000000000000000e+03
3.438000000000000000e+03
3.441000000000000000e+03
3.335000000000000000e+03
3.433000000000000000e+03
3.328000000000000000e+03
3.387000000000000000e+03
3.351000000000000000e+03
3.416000000000000000e+03
3.457000000000000000e+03
3.422000000000000000e+03
3.452000000000000000e+03
3.339000000000000000e+03
3.356000000000000000e+03
3.375000000000000000e+03
3.332000000000000000e+03
3.366000000000000000e+03
3.382000000000000000e+03
3.454000000000000000e+03
3.329000000000000000e+03
3.378000000000000000e+03
3.367000000000000000e+03
3.361000000000000000e+03
3.333000000000000000e+03
3.390000000000000000e+03
3.409000000000000000e+03
3.421000000000000000e+03
3.447000000000000000e+03
3.395000000000000000e+03
3.414000000000000000e+03
3.573000000000000000e+03
3.540000000000000000e+03
3.468000000000000000e+03
3.598000000000000000e+03
3.488000000000000000e+03
3.588000000000000000e+03
3.545000000000000000e+03
3.554000000000000000e+03
3.494000000000000000e+03
3.550000000000000000e+03
3.493000000000000000e+03
3.551000000000000000e+03
3.579000000000000000e+03
3.536000000000000000e+03
3.558000000000000000e+03
3.503000000000000000e+03
3.515000000000000000e+03
3.482000000000000000e+03
3.591000000000000000e+03
3.600000000000000000e+03
3.522000000000000000e+03
3.542000000000000000e+03
3.599000000000000000e+03
3.487000000000000000e+03
3.464000000000000000e+03
3.511000000000000000e+03
3.486000000000000000e+03
3.589000000000000000e+03
3.534000000000000000e+03
3.592000000000000000e+03
3.568000000000000000e+03
3.553000000000000000e+03
3.463000000000000000e+03
3.544000000000000000e+03
3.587000000000000000e+03
3.546000000000000000e+03
3.580000000000000000e+03
3.570000000000000000e+03
3.479000000000000000e+03
3.470000000000000000e+03
3.533000000000000000e+03
3.559000000000000000e+03
3.489000000000000000e+03
3.502000000000000000e+03
3.517000000000000000e+03
3.578000000000000000e+03
3.572000000000000000e+03
3.634000000000000000e+03
3.656000000000000000e+03
3.731000000000000000e+03
3.626000000000000000e+03
3.691000000000000000e+03
3.636000000000000000e+03
3.773000000000000000e+03
3.629000000000000000e+03
3.783000000000000000e+03
3.750000000000000000e+03
3.637000000000000000e+03
3.716000000000000000e+03
3.762000000000000000e+03
3.781000000000000000e+03
3.628000000000000000e+03
3.606000000000000000e+03
3.714000000000000000e+03
3.764000000000000000e+03
3.784000000000000000e+03
3.768000000000000000e+03
3.703000000000000000e+03
3.745000000000000000e+03
3.665000000000000000e+03
3.649000000000000000e+03
3.747000000000000000e+03
3.655000000000000000e+03
3.638000000000000000e+03
3.726000000000000000e+03
3.712000000000000000e+03
3.617000000000000000e+03
3.725000000000000000e+03
3.685000000000000000e+03
3.735000000000000000e+03
3.653000000000000000e+03
3.757000000000000000e+03
3.696000000000000000e+03
3.605000000000000000e+03
3.663000000000000000e+03
3.711000000000000000e+03
3.664000000000000000e+03
3.607000000000000000e+03
3.700000000000000000e+03
3.692000000000000000e+03
3.631000000000000000e+03
3.640000000000000000e+03
3.729000000000000000e+03
3.461000000000000000e+03
3.659000000000000000e+03
3.782000000000000000e+03
3.702000000000000000e+03
3.680000000000000000e+03
3.740000000000000000e+03
3.728000000000000000e+03
3.752000000000000000e+03
3.697000000000000000e+03
3.682000000000000000e+03
3.776000000000000000e+03
3.775000000000000000e+03
3.654000000000000000e+03
3.707000000000000000e+03
3.706000000000000000e+03
3.780000000000000000e+03
3.673000000000000000e+03
3.687000000000000000e+03
3.718000000000000000e+03
3.672000000000000000e+03
3.710000000000000000e+03
3.695000000000000000e+03
3.677000000000000000e+03
3.650000000000000000e+03
3.730000000000000000e+03
3.646000000000000000e+03
3.618000000000000000e+03
3.667000000000000000e+03
3.604000000000000000e+03
3.657000000000000000e+03
3.705000000000000000e+03
3.732000000000000000e+03
3.778000000000000000e+03
3.651000000000000000e+03
3.694000000000000000e+03
3.666000000000000000e+03
3.644000000000000000e+03
3.603000000000000000e+03
3.681000000000000000e+03
3.693000000000000000e+03
3.652000000000000000e+03
3.639000000000000000e+03
3.774000000000000000e+03
3.622000000000000000e+03
3.727000000000000000e+03
3.840000000000000000e+03
3.961000000000000000e+03
3.932000000000000000e+03
3.954000000000000000e+03
3.988000000000000000e+03
3.907000000000000000e+03
3.899000000000000000e+03
3.951000000000000000e+03
3.939000000000000000e+03
3.788000000000000000e+03
3.971000000000000000e+03
3.992000000000000000e+03
3.983000000000000000e+03
3.949000000000000000e+03
3.866000000000000000e+03
3.896000000000000000e+03
3.819000000000000000e+03
3.958000000000000000e+03
3.908000000000000000e+03
3.873000000000000000e+03
3.933000000000000000e+03
3.976000000000000000e+03
3.893000000000000000e+03
3.817000000000000000e+03
3.953000000000000000e+03
3.820000000000000000e+03
3.885000000000000000e+03
3.823000000000000000e+03
3.818000000000000000e+03
3.826000000000000000e+03
3.890000000000000000e+03
3.941000000000000000e+03
3.985000000000000000e+03
3.975000000000000000e+03
3.805000000000000000e+03
3.918000000000000000e+03
3.946000000000000000e+03
3.900000000000000000e+03
3.859000000000000000e+03
3.871000000000000000e+03
3.912000000000000000e+03
3.841000000000000000e+03
3.844000000000000000e+03
3.829000000000000000e+03
3.838000000000000000e+03
3.966000000000000000e+03
3.798000000000000000e+03
3.948000000000000000e+03
3.978000000000000000e+03
3.913000000000000000e+03
3.895000000000000000e+03
3.943000000000000000e+03
3.955000000000000000e+03
3.898000000000000000e+03
3.789000000000000000e+03
3.926000000000000000e+03
3.811000000000000000e+03
3.891000000000000000e+03
3.850000000000000000e+03
3.852000000000000000e+03
3.847000000000000000e+03
3.996000000000000000e+03
3.801000000000000000e+03
3.843000000000000000e+03
3.963000000000000000e+03
3.982000000000000000e+03
3.957000000000000000e+03
3.909000000000000000e+03
3.809000000000000000e+03
3.888000000000000000e+03
3.839000000000000000e+03
3.808000000000000000e+03
4.048000000000000000e+03
4.104000000000000000e+03
4.036000000000000000e+03
4.082000000000000000e+03
4.090000000000000000e+03
4.115000000000000000e+03
4.119000000000000000e+03
4.021000000000000000e+03
4.055000000000000000e+03
4.032000000000000000e+03
4.079000000000000000e+03
4.086000000000000000e+03
4.071000000000000000e+03
4.002000000000000000e+03
4.130000000000000000e+03
4.092000000000000000e+03
4.118000000000000000e+03
4.120000000000000000e+03
4.008000000000000000e+03
4.117000000000000000e+03
4.030000000000000000e+03
4.049000000000000000e+03
4.014000000000000000e+03
4.110000000000000000e+03
4.063000000000000000e+03
4.020000000000000000e+03
4.114000000000000000e+03
4.091000000000000000e+03
4.022000000000000000e+03
4.040000000000000000e+03
4.128000000000000000e+03
4.126000000000000000e+03
4.004000000000000000e+03
4.056000000000000000e+03
4.050000000000000000e+03
4.072000000000000000e+03
4.026000000000000000e+03
4.101000000000000000e+03
4.064000000000000000e+03
4.051000000000000000e+03
4.003000000000000000e+03
4.124000000000000000e+03
4.098000000000000000e+03
4.121000000000000000e+03
4.060000000000000000e+03
4.019000000000000000e+03
4.112000000000000000e+03
4.062000000000000000e+03
4.107000000000000000e+03
4.069000000000000000e+03
4.027000000000000000e+03
4.070000000000000000e+03
4.037000000000000000e+03
4.113000000000000000e+03
4.017000000000000000e+03
4.066000000000000000e+03
4.038000000000000000e+03
4.025000000000000000e+03
4.057000000000000000e+03
4.005000000000000000e+03
4.087000000000000000e+03
4.031000000000000000e+03
4.085000000000000000e+03
4.065000000000000000e+03
4.109000000000000000e+03
4.006000000000000000e+03
4.276000000000000000e+03
4.227000000000000000e+03
4.144000000000000000e+03
4.295000000000000000e+03
4.149000000000000000e+03
4.178000000000000000e+03
4.207000000000000000e+03
4.286000000000000000e+03
4.247000000000000000e+03
4.241000000000000000e+03
4.217000000000000000e+03
4.264000000000000000e+03
4.246000000000000000e+03
4.287000000000000000e+03
4.146000000000000000e+03
4.260000000000000000e+03
4.209000000000000000e+03
4.191000000000000000e+03
4.211000000000000000e+03
4.307000000000000000e+03
4.284000000000000000e+03
4.173000000000000000e+03
4.259000000000000000e+03
4.147000000000000000e+03
4.298000000000000000e+03
4.296000000000000000e+03
4.220000000000000000e+03
4.266000000000000000e+03
4.297000000000000000e+03
4.165000000000000000e+03
4.250000000000000000e+03
4.265000000000000000e+03
4.242000000000000000e+03
4.251000000000000000e+03
4.245000000000000000e+03
4.152000000000000000e+03
4.248000000000000000e+03
4.274000000000000000e+03
4.216000000000000000e+03
4.183000000000000000e+03
4.148000000000000000e+03
4.186000000000000000e+03
4.294000000000000000e+03
4.300000000000000000e+03
4.136000000000000000e+03
4.283000000000000000e+03
4.240000000000000000e+03
4.204000000000000000e+03
4.261000000000000000e+03
4.289000000000000000e+03
4.252000000000000000e+03
4.291000000000000000e+03
4.214000000000000000e+03
4.200000000000000000e+03
4.203000000000000000e+03
4.190000000000000000e+03
4.288000000000000000e+03
4.195000000000000000e+03
4.292000000000000000e+03
4.303000000000000000e+03
4.257000000000000000e+03
4.160000000000000000e+03
4.180000000000000000e+03
4.166000000000000000e+03
4.299000000000000000e+03
4.305000000000000000e+03
4.221000000000000000e+03
4.201000000000000000e+03
4.256000000000000000e+03
4.196000000000000000e+03
4.141000000000000000e+03
4.157000000000000000e+03
4.219000000000000000e+03
4.168000000000000000e+03
4.243000000000000000e+03
4.159000000000000000e+03
4.169000000000000000e+03
4.304000000000000000e+03
4.271000000000000000e+03
4.182000000000000000e+03
4.194000000000000000e+03
4.238000000000000000e+03
4.268000000000000000e+03
4.163000000000000000e+03
4.199000000000000000e+03
4.225000000000000000e+03
4.262000000000000000e+03
4.198000000000000000e+03
4.162000000000000000e+03
4.360000000000000000e+03
4.414000000000000000e+03
4.395000000000000000e+03
4.315000000000000000e+03
4.428000000000000000e+03
4.421000000000000000e+03
4.314000000000000000e+03
4.356000000000000000e+03
4.427000000000000000e+03
4.372000000000000000e+03
4.423000000000000000e+03
4.430000000000000000e+03
4.440000000000000000e+03
4.433000000000000000e+03
4.318000000000000000e+03
4.322000000000000000e+03
4.324000000000000000e+03
4.320000000000000000e+03
4.345000000000000000e+03
4.400000000000000000e+03
4.403000000000000000e+03
4.424000000000000000e+03
4.445000000000000000e+03
4.375000000000000000e+03
4.383000000000000000e+03
4.321000000000000000e+03
4.389000000000000000e+03
4.401000000000000000e+03
4.317000000000000000e+03
4.377000000000000000e+03
4.408000000000000000e+03
4.437000000000000000e+03
4.366000000000000000e+03
4.310000000000000000e+03
4.358000000000000000e+03
4.368000000000000000e+03
4.378000000000000000e+03
4.409000000000000000e+03
4.402000000000000000e+03
4.364000000000000000e+03
4.344000000000000000e+03
4.434000000000000000e+03
4.405000000000000000e+03
4.355000000000000000e+03
4.343000000000000000e+03
4.425000000000000000e+03
4.422000000000000000e+03
4.398000000000000000e+03
4.436000000000000000e+03
4.357000000000000000e+03
4.329000000000000000e+03
4.413000000000000000e+03
4.426000000000000000e+03
4.429000000000000000e+03
4.443000000000000000e+03
4.393000000000000000e+03
4.346000000000000000e+03
4.431000000000000000e+03
4.420000000000000000e+03
4.336000000000000000e+03
4.330000000000000000e+03
4.365000000000000000e+03
4.337000000000000000e+03
4.338000000000000000e+03
4.370000000000000000e+03
4.417000000000000000e+03
4.369000000000000000e+03
4.325000000000000000e+03
4.487000000000000000e+03
4.619000000000000000e+03
4.484000000000000000e+03
4.472000000000000000e+03
4.530000000000000000e+03
4.485000000000000000e+03
4.495000000000000000e+03
4.519000000000000000e+03
4.457000000000000000e+03
4.504000000000000000e+03
4.603000000000000000e+03
4.523000000000000000e+03
4.656000000000000000e+03
4.593000000000000000e+03
4.574000000000000000e+03
4.448000000000000000e+03
4.553000000000000000e+03
4.564000000000000000e+03
4.454000000000000000e+03
4.634000000000000000e+03
4.626000000000000000e+03
4.645000000000000000e+03
4.497000000000000000e+03
4.547000000000000000e+03
4.543000000000000000e+03
4.535000000000000000e+03
4.660000000000000000e+03
4.469000000000000000e+03
4.465000000000000000e+03
4.464000000000000000e+03
4.449000000000000000e+03
4.536000000000000000e+03
4.505000000000000000e+03
4.613000000000000000e+03
4.453000000000000000e+03
4.653000000000000000e+03
4.455000000000000000e+03
4.575000000000000000e+03
4.549000000000000000e+03
4.516000000000000000e+03
4.579000000000000000e+03
4.459000000000000000e+03
4.627000000000000000e+03
4.639000000000000000e+03
4.518000000000000000e+03
4.633000000000000000e+03
4.531000000000000000e+03
4.592000000000000000e+03
4.525000000000000000e+03
4.572000000000000000e+03
4.460000000000000000e+03
4.512000000000000000e+03
4.451000000000000000e+03
4.637000000000000000e+03
4.482000000000000000e+03
4.620000000000000000e+03
4.474000000000000000e+03
4.632000000000000000e+03
4.662000000000000000e+03
4.479000000000000000e+03
4.477000000000000000e+03
4.541000000000000000e+03
4.598000000000000000e+03
4.476000000000000000e+03
4.471000000000000000e+03
4.586000000000000000e+03
4.655000000000000000e+03
4.554000000000000000e+03
4.599000000000000000e+03
4.631000000000000000e+03
4.561000000000000000e+03
4.615000000000000000e+03
4.468000000000000000e+03
4.729000000000000000e+03
4.742000000000000000e+03
4.751000000000000000e+03
4.765000000000000000e+03
4.721000000000000000e+03
4.755000000000000000e+03
4.766000000000000000e+03
4.676000000000000000e+03
4.745000000000000000e+03
4.728000000000000000e+03
4.753000000000000000e+03
4.725000000000000000e+03
4.738000000000000000e+03
4.711000000000000000e+03
4.720000000000000000e+03
4.666000000000000000e+03
4.715000000000000000e+03
4.694000000000000000e+03
4.746000000000000000e+03
4.689000000000000000e+03
4.741000000000000000e+03
4.681000000000000000e+03
4.710000000000000000e+03
4.740000000000000000e+03
4.703000000000000000e+03
4.730000000000000000e+03
4.722000000000000000e+03
4.705000000000000000e+03
4.674000000000000000e+03
4.750000000000000000e+03
4.764000000000000000e+03
4.747000000000000000e+03
4.717000000000000000e+03
4.691000000000000000e+03
4.737000000000000000e+03
4.673000000000000000e+03
4.723000000000000000e+03
4.684000000000000000e+03
4.743000000000000000e+03
4.687000000000000000e+03
4.669000000000000000e+03
4.719000000000000000e+03
4.708000000000000000e+03
4.716000000000000000e+03
4.724000000000000000e+03
4.759000000000000000e+03
4.683000000000000000e+03
4.695000000000000000e+03
4.712000000000000000e+03
4.761000000000000000e+03
4.692000000000000000e+03
5.054000000000000000e+03
4.780000000000000000e+03
4.840000000000000000e+03
5.040000000000000000e+03
4.958000000000000000e+03
4.825000000000000000e+03
4.968000000000000000e+03
4.994000000000000000e+03
4.979000000000000000e+03
4.973000000000000000e+03
5.028000000000000000e+03
5.042000000000000000e+03
4.917000000000000000e+03
4.867000000000000000e+03
4.887000000000000000e+03
4.796000000000000000e+03
4.787000000000000000e+03
4.824000000000000000e+03
4.961000000000000000e+03
4.849000000000000000e+03
4.782000000000000000e+03
4.874000000000000000e+03
4.963000000000000000e+03
4.991000000000000000e+03
4.858000000000000000e+03
4.971000000000000000e+03
4.790000000000000000e+03
5.003000000000000000e+03
4.930000000000000000e+03
4.946000000000000000e+03
4.793000000000000000e+03
4.972000000000000000e+03
4.880000000000000000e+03
4.935000000000000000e+03
4.987000000000000000e+03
4.882000000000000000e+03
5.051000000000000000e+03
4.985000000000000000e+03
4.976000000000000000e+03
5.001000000000000000e+03
4.856000000000000000e+03
4.816000000000000000e+03
4.905000000000000000e+03
4.893000000000000000e+03
4.779000000000000000e+03
4.835000000000000000e+03
4.902000000000000000e+03
4.859000000000000000e+03
4.983000000000000000e+03
4.950000000000000000e+03
5.009000000000000000e+03
4.918000000000000000e+03
4.848000000000000000e+03
4.903000000000000000e+03
4.857000000000000000e+03
4.996000000000000000e+03
4.830000000000000000e+03
5.019000000000000000e+03
4.895000000000000000e+03
4.866000000000000000e+03
4.953000000000000000e+03
4.967000000000000000e+03
4.901000000000000000e+03
4.955000000000000000e+03
4.797000000000000000e+03
4.898000000000000000e+03
4.908000000000000000e+03
4.855000000000000000e+03
5.032000000000000000e+03
4.839000000000000000e+03
5.057000000000000000e+03
5.038000000000000000e+03
4.886000000000000000e+03
4.863000000000000000e+03
5.000000000000000000e+03
4.990000000000000000e+03
4.934000000000000000e+03
4.783000000000000000e+03
5.055000000000000000e+03
4.981000000000000000e+03
4.906000000000000000e+03
4.920000000000000000e+03
4.940000000000000000e+03
4.808000000000000000e+03
5.007000000000000000e+03
4.982000000000000000e+03
4.823000000000000000e+03
4.986000000000000000e+03
4.881000000000000000e+03
4.936000000000000000e+03
4.791000000000000000e+03
4.832000000000000000e+03
4.962000000000000000e+03
5.018000000000000000e+03
4.999000000000000000e+03
4.984000000000000000e+03
4.826000000000000000e+03
5.006000000000000000e+03
5.113000000000000000e+03
5.237000000000000000e+03
5.126000000000000000e+03
5.259000000000000000e+03
5.104000000000000000e+03
5.075000000000000000e+03
5.222000000000000000e+03
5.183000000000000000e+03
5.076000000000000000e+03
5.197000000000000000e+03
5.231000000000000000e+03
5.089000000000000000e+03
5.112000000000000000e+03
5.081000000000000000e+03
5.175000000000000000e+03
5.092000000000000000e+03
5.147000000000000000e+03
5.148000000000000000e+03
5.149000000000000000e+03
5.186000000000000000e+03
5.254000000000000000e+03
5.191000000000000000e+03
5.091000000000000000e+03
5.097000000000000000e+03
5.084000000000000000e+03
5.079000000000000000e+03
5.136000000000000000e+03
5.135000000000000000e+03
5.239000000000000000e+03
5.242000000000000000e+03
5.243000000000000000e+03
5.246000000000000000e+03
5.167000000000000000e+03
5.064000000000000000e+03
5.130000000000000000e+03
5.224000000000000000e+03
5.132000000000000000e+03
5.145000000000000000e+03
5.201000000000000000e+03
5.114000000000000000e+03
5.228000000000000000e+03
5.180000000000000000e+03
5.134000000000000000e+03
5.066000000000000000e+03
5.162000000000000000e+03
5.213000000000000000e+03
5.260000000000000000e+03
5.240000000000000000e+03
5.073000000000000000e+03
5.095000000000000000e+03
5.098000000000000000e+03
5.182000000000000000e+03
5.190000000000000000e+03
5.121000000000000000e+03
5.179000000000000000e+03
5.131000000000000000e+03
5.155000000000000000e+03
5.099000000000000000e+03
5.111000000000000000e+03
5.184000000000000000e+03
5.164000000000000000e+03
5.154000000000000000e+03
5.166000000000000000e+03
5.153000000000000000e+03
5.217000000000000000e+03
5.214000000000000000e+03
5.244000000000000000e+03
5.215000000000000000e+03
5.122000000000000000e+03
5.188000000000000000e+03
5.174000000000000000e+03
5.062000000000000000e+03
5.193000000000000000e+03
5.133000000000000000e+03
5.251000000000000000e+03
5.086000000000000000e+03
5.211000000000000000e+03
5.068000000000000000e+03
5.207000000000000000e+03
5.138000000000000000e+03
5.185000000000000000e+03
5.152000000000000000e+03
5.212000000000000000e+03
5.257000000000000000e+03
5.249000000000000000e+03
5.124000000000000000e+03
5.171000000000000000e+03
5.203000000000000000e+03
5.110000000000000000e+03
5.236000000000000000e+03
5.093000000000000000e+03
5.077000000000000000e+03
5.199000000000000000e+03
5.209000000000000000e+03
5.235000000000000000e+03
5.255000000000000000e+03
5.253000000000000000e+03
5.078000000000000000e+03
5.143000000000000000e+03
5.250000000000000000e+03
5.358000000000000000e+03
5.425000000000000000e+03
5.419000000000000000e+03
5.265000000000000000e+03
5.362000000000000000e+03
5.439000000000000000e+03
5.408000000000000000e+03
5.437000000000000000e+03
5.278000000000000000e+03
5.489000000000000000e+03
5.407000000000000000e+03
5.287000000000000000e+03
5.282000000000000000e+03
5.305000000000000000e+03
5.321000000000000000e+03
5.432000000000000000e+03
5.401000000000000000e+03
5.491000000000000000e+03
5.495000000000000000e+03
5.286000000000000000e+03
5.349000000000000000e+03
5.307000000000000000e+03
5.353000000000000000e+03
5.300000000000000000e+03
5.350000000000000000e+03
5.411000000000000000e+03
5.360000000000000000e+03
5.497000000000000000e+03
5.417000000000000000e+03
5.384000000000000000e+03
5.463000000000000000e+03
5.405000000000000000e+03
5.413000000000000000e+03
5.395000000000000000e+03
5.289000000000000000e+03
5.461000000000000000e+03
5.490000000000000000e+03
5.296000000000000000e+03
5.500000000000000000e+03
5.271000000000000000e+03
4.741000000000000000e+03
5.306000000000000000e+03
3.131000000000000000e+03
5.364000000000000000e+03
5.430000000000000000e+03
5.342000000000000000e+03
5.288000000000000000e+03
5.445000000000000000e+03
5.336000000000000000e+03
5.418000000000000000e+03
5.304000000000000000e+03
5.335000000000000000e+03
5.264000000000000000e+03
5.320000000000000000e+03
5.262000000000000000e+03
5.471000000000000000e+03
5.365000000000000000e+03
5.382000000000000000e+03
5.451000000000000000e+03
5.266000000000000000e+03
5.422000000000000000e+03
5.482000000000000000e+03
5.390000000000000000e+03
5.363000000000000000e+03
5.400000000000000000e+03
5.421000000000000000e+03
5.310000000000000000e+03
5.457000000000000000e+03
5.351000000000000000e+03
5.452000000000000000e+03
5.328000000000000000e+03
5.375000000000000000e+03
5.385000000000000000e+03
5.455000000000000000e+03
5.484000000000000000e+03
5.459000000000000000e+03
5.366000000000000000e+03
5.370000000000000000e+03
5.311000000000000000e+03
5.429000000000000000e+03
5.270000000000000000e+03
5.333000000000000000e+03
5.436000000000000000e+03
5.273000000000000000e+03
5.414000000000000000e+03
5.272000000000000000e+03
5.406000000000000000e+03
5.391000000000000000e+03
5.496000000000000000e+03
5.444000000000000000e+03
5.277000000000000000e+03
5.298000000000000000e+03
5.299000000000000000e+03
5.396000000000000000e+03
5.269000000000000000e+03
3.271000000000000000e+03
5.397000000000000000e+03
5.330000000000000000e+03
5.325000000000000000e+03
5.316000000000000000e+03
5.346000000000000000e+03
5.292000000000000000e+03
5.275000000000000000e+03
5.456000000000000000e+03
5.441000000000000000e+03
5.291000000000000000e+03
5.276000000000000000e+03
5.483000000000000000e+03
5.355000000000000000e+03
5.268000000000000000e+03
5.327000000000000000e+03
5.326000000000000000e+03
5.433000000000000000e+03
5.458000000000000000e+03
5.387000000000000000e+03
5.469000000000000000e+03
5.438000000000000000e+03
5.474000000000000000e+03
5.412000000000000000e+03
5.416000000000000000e+03
5.356000000000000000e+03
5.376000000000000000e+03
5.448000000000000000e+03
5.595000000000000000e+03
5.753000000000000000e+03
5.562000000000000000e+03
5.617000000000000000e+03
5.453000000000000000e+03
5.671000000000000000e+03
5.741000000000000000e+03
5.686000000000000000e+03
5.626000000000000000e+03
5.697000000000000000e+03
5.510000000000000000e+03
5.713000000000000000e+03
5.559000000000000000e+03
5.554000000000000000e+03
5.574000000000000000e+03
5.645000000000000000e+03
5.509000000000000000e+03
5.737000000000000000e+03
5.670000000000000000e+03
5.676000000000000000e+03
5.717000000000000000e+03
5.675000000000000000e+03
5.641000000000000000e+03
5.603000000000000000e+03
5.695000000000000000e+03
5.605000000000000000e+03
5.665000000000000000e+03
5.575000000000000000e+03
5.609000000000000000e+03
5.720000000000000000e+03
5.531000000000000000e+03
5.772000000000000000e+03
5.564000000000000000e+03
5.561000000000000000e+03
5.579000000000000000e+03
5.738000000000000000e+03
5.659000000000000000e+03
5.572000000000000000e+03
5.533000000000000000e+03
5.755000000000000000e+03
5.637000000000000000e+03
5.524000000000000000e+03
5.556000000000000000e+03
5.756000000000000000e+03
5.712000000000000000e+03
5.672000000000000000e+03
5.701000000000000000e+03
5.725000000000000000e+03
5.735000000000000000e+03
5.647000000000000000e+03
5.551000000000000000e+03
5.516000000000000000e+03
5.568000000000000000e+03
5.729000000000000000e+03
5.667000000000000000e+03
5.705000000000000000e+03
5.560000000000000000e+03
5.638000000000000000e+03
5.721000000000000000e+03
5.542000000000000000e+03
5.683000000000000000e+03
5.704000000000000000e+03
5.613000000000000000e+03
5.558000000000000000e+03
5.599000000000000000e+03
5.650000000000000000e+03
5.663000000000000000e+03
5.553000000000000000e+03
5.565000000000000000e+03
5.646000000000000000e+03
5.550000000000000000e+03
5.592000000000000000e+03
5.774000000000000000e+03
5.764000000000000000e+03
5.566000000000000000e+03
5.507000000000000000e+03
5.734000000000000000e+03
5.552000000000000000e+03
5.770000000000000000e+03
5.629000000000000000e+03
5.632000000000000000e+03
5.767000000000000000e+03
5.643000000000000000e+03
5.584000000000000000e+03
5.539000000000000000e+03
5.621000000000000000e+03
5.608000000000000000e+03
5.569000000000000000e+03
5.521000000000000000e+03
5.684000000000000000e+03
5.547000000000000000e+03
5.722000000000000000e+03
5.633000000000000000e+03
5.518000000000000000e+03
5.582000000000000000e+03
5.754000000000000000e+03
5.585000000000000000e+03
5.634000000000000000e+03
5.598000000000000000e+03
5.581000000000000000e+03
5.736000000000000000e+03
5.594000000000000000e+03
5.587000000000000000e+03
5.655000000000000000e+03
5.623000000000000000e+03
5.761000000000000000e+03
5.571000000000000000e+03
5.677000000000000000e+03
5.731000000000000000e+03
5.648000000000000000e+03
5.714000000000000000e+03
5.688000000000000000e+03
5.762000000000000000e+03
5.692000000000000000e+03
5.750000000000000000e+03
5.740000000000000000e+03
5.693000000000000000e+03
5.691000000000000000e+03
5.743000000000000000e+03
5.777000000000000000e+03
5.620000000000000000e+03
5.548000000000000000e+03
5.651000000000000000e+03
5.776000000000000000e+03
5.519000000000000000e+03
5.668000000000000000e+03
5.614000000000000000e+03
5.549000000000000000e+03
5.503000000000000000e+03
5.702000000000000000e+03
5.678000000000000000e+03
5.601000000000000000e+03
5.763000000000000000e+03
5.759000000000000000e+03
5.730000000000000000e+03
5.724000000000000000e+03
5.578000000000000000e+03
5.685000000000000000e+03
768
4741
654
657
789
790
663
791
666
1309
800
674
548
806
4526
820
4918
3131
1214
709
710
3271
1993
586
724
729
737
631
616
621
630
503
637
5.826000000000000000e+03
5.818000000000000000e+03
5.908000000000000000e+03
5.811000000000000000e+03
5.853000000000000000e+03
5.875000000000000000e+03
5.886000000000000000e+03
5.948000000000000000e+03
5.833000000000000000e+03
5.825000000000000000e+03
5.907000000000000000e+03
5.969000000000000000e+03
5.930000000000000000e+03
5.786000000000000000e+03
5.953000000000000000e+03
5.967000000000000000e+03
5.974000000000000000e+03
5.951000000000000000e+03
5.887000000000000000e+03
5.949000000000000000e+03
5.937000000000000000e+03
5.804000000000000000e+03
5.977000000000000000e+03
5.828000000000000000e+03
5.832000000000000000e+03
5.844000000000000000e+03
5.817000000000000000e+03
5.812000000000000000e+03
5.895000000000000000e+03
5.806000000000000000e+03
5.822000000000000000e+03
5.889000000000000000e+03
5.970000000000000000e+03
5.910000000000000000e+03
5.780000000000000000e+03
5.942000000000000000e+03
5.834000000000000000e+03
5.778000000000000000e+03
5.913000000000000000e+03
5.846000000000000000e+03
5.936000000000000000e+03
5.789000000000000000e+03
5.803000000000000000e+03
5.797000000000000000e+03
5.939000000000000000e+03
5.807000000000000000e+03
5.836000000000000000e+03
5.888000000000000000e+03
5.902000000000000000e+03
5.835000000000000000e+03
5.868000000000000000e+03
5.940000000000000000e+03
5.854000000000000000e+03
5.860000000000000000e+03
5.866000000000000000e+03
5.958000000000000000e+03
5.972000000000000000e+03
5.813000000000000000e+03
5.856000000000000000e+03
5.893000000000000000e+03
5.978000000000000000e+03
5.871000000000000000e+03
5.920000000000000000e+03
5.840000000000000000e+03
5.955000000000000000e+03
5.808000000000000000e+03
5.790000000000000000e+03
5.791000000000000000e+03
5.839000000000000000e+03
5.798000000000000000e+03
5.874000000000000000e+03
5.883000000000000000e+03
5.914000000000000000e+03
5.779000000000000000e+03
5.890000000000000000e+03
5.867000000000000000e+03
5.842000000000000000e+03
5.878000000000000000e+03
5.787000000000000000e+03
5.781000000000000000e+03
5.785000000000000000e+03
5.864000000000000000e+03
5.915000000000000000e+03
5.824000000000000000e+03
5.935000000000000000e+03
5.821000000000000000e+03
5.896000000000000000e+03
5.814000000000000000e+03
5.947000000000000000e+03
5.819000000000000000e+03
5.849000000000000000e+03
5.838000000000000000e+03
5.901000000000000000e+03
5.919000000000000000e+03
5.810000000000000000e+03
5.957000000000000000e+03
5.858000000000000000e+03
5.900000000000000000e+03
5.976000000000000000e+03
5.829000000000000000e+03
5.848000000000000000e+03
6.141000000000000000e+03
6.089000000000000000e+03
6.064000000000000000e+03
6.046000000000000000e+03
6.045000000000000000e+03
5.994000000000000000e+03
6.040000000000000000e+03
6.019000000000000000e+03
6.103000000000000000e+03
6.115000000000000000e+03
5.991000000000000000e+03
6.124000000000000000e+03
6.136000000000000000e+03
6.012000000000000000e+03
6.109000000000000000e+03
6.013000000000000000e+03
6.008000000000000000e+03
5.986000000000000000e+03
6.003000000000000000e+03
6.058000000000000000e+03
6.132000000000000000e+03
6.017000000000000000e+03
6.014000000000000000e+03
6.026000000000000000e+03
6.002000000000000000e+03
6.122000000000000000e+03
5.980000000000000000e+03
6.047000000000000000e+03
6.085000000000000000e+03
6.072000000000000000e+03
6.065000000000000000e+03
6.134000000000000000e+03
6.091000000000000000e+03
6.069000000000000000e+03
6.130000000000000000e+03
6.129000000000000000e+03
6.106000000000000000e+03
6.126000000000000000e+03
6.133000000000000000e+03
5.990000000000000000e+03
6.010000000000000000e+03
5.992000000000000000e+03
5.981000000000000000e+03
6.055000000000000000e+03
6.016000000000000000e+03
6.033000000000000000e+03
6.080000000000000000e+03
6.057000000000000000e+03
6.097000000000000000e+03
6.038000000000000000e+03
6.011000000000000000e+03
5.993000000000000000e+03
6.028000000000000000e+03
6.107000000000000000e+03
6.054000000000000000e+03
6.108000000000000000e+03
6.110000000000000000e+03
6.139000000000000000e+03
6.087000000000000000e+03
6.125000000000000000e+03
6.083000000000000000e+03
6.027000000000000000e+03
6.077000000000000000e+03
6.051000000000000000e+03
6.020000000000000000e+03
6.137000000000000000e+03
6.095000000000000000e+03
6.037000000000000000e+03
6.128000000000000000e+03
6.007000000000000000e+03
6.094000000000000000e+03
6.104000000000000000e+03
6.079000000000000000e+03
6.032000000000000000e+03
6.113000000000000000e+03
6.034000000000000000e+03
6.056000000000000000e+03
6.114000000000000000e+03
5.999000000000000000e+03
6.117000000000000000e+03
6.086000000000000000e+03
6.090000000000000000e+03
6.042000000000000000e+03
6.052000000000000000e+03
5.997000000000000000e+03
6.120000000000000000e+03
6.024000000000000000e+03
6.093000000000000000e+03
6.067000000000000000e+03
6.063000000000000000e+03
6.053000000000000000e+03
6.015000000000000000e+03
6.060000000000000000e+03
6.018000000000000000e+03
6.031000000000000000e+03
6.001000000000000000e+03
6.123000000000000000e+03
5.987000000000000000e+03
6.035000000000000000e+03
6.071000000000000000e+03
6.098000000000000000e+03
6.116000000000000000e+03
6.100000000000000000e+03
6.096000000000000000e+03
6.084000000000000000e+03
6.062000000000000000e+03
5.998000000000000000e+03
6.061000000000000000e+03
6.041000000000000000e+03
6.105000000000000000e+03
6.023000000000000000e+03
6.025000000000000000e+03
6.081000000000000000e+03
6.030000000000000000e+03
6.074000000000000000e+03
6.000000000000000000e+03
6.022000000000000000e+03
6.005000000000000000e+03
6.135000000000000000e+03
6.127000000000000000e+03
6.039000000000000000e+03
5.995000000000000000e+03
6.138000000000000000e+03
6.075000000000000000e+03
6.043000000000000000e+03
6.068000000000000000e+03
6.082000000000000000e+03
6.112000000000000000e+03
5.983000000000000000e+03
5.989000000000000000e+03
6.119000000000000000e+03
6.004000000000000000e+03
5.982000000000000000e+03
6.118000000000000000e+03
6.140000000000000000e+03
6.092000000000000000e+03
5.979000000000000000e+03
6.088000000000000000e+03
5.996000000000000000e+03
6.070000000000000000e+03
6.131000000000000000e+03
6.102000000000000000e+03
6.101000000000000000e+03
5.984000000000000000e+03
6.099000000000000000e+03
6.121000000000000000e+03
6.078000000000000000e+03
6.006000000000000000e+03
6.021000000000000000e+03
5.988000000000000000e+03
6.076000000000000000e+03
6.073000000000000000e+03
6.111000000000000000e+03
6.066000000000000000e+03
6.048000000000000000e+03
6.059000000000000000e+03
6.036000000000000000e+03
6.049000000000000000e+03
6.050000000000000000e+03
6.009000000000000000e+03
5.985000000000000000e+03
6.044000000000000000e+03
6.029000000000000000e+03
6.157000000000000000e+03
6.230000000000000000e+03
6.177000000000000000e+03
6.180000000000000000e+03
6.279000000000000000e+03
6.251000000000000000e+03
6.167000000000000000e+03
6.142000000000000000e+03
6.171000000000000000e+03
6.199000000000000000e+03
6.160000000000000000e+03
6.216000000000000000e+03
6.226000000000000000e+03
6.253000000000000000e+03
6.191000000000000000e+03
6.178000000000000000e+03
6.174000000000000000e+03
6.192000000000000000e+03
6.219000000000000000e+03
6.263000000000000000e+03
6.276000000000000000e+03
6.254000000000000000e+03
6.255000000000000000e+03
6.261000000000000000e+03
6.155000000000000000e+03
6.269000000000000000e+03
6.147000000000000000e+03
6.286000000000000000e+03
6.284000000000000000e+03
6.235000000000000000e+03
6.151000000000000000e+03
6.275000000000000000e+03
6.206000000000000000e+03
6.204000000000000000e+03
6.201000000000000000e+03
6.228000000000000000e+03
6.173000000000000000e+03
6.166000000000000000e+03
6.238000000000000000e+03
6.234000000000000000e+03
6.161000000000000000e+03
6.221000000000000000e+03
6.162000000000000000e+03
6.193000000000000000e+03
6.195000000000000000e+03
6.239000000000000000e+03
6.210000000000000000e+03
6.202000000000000000e+03
6.271000000000000000e+03
6.144000000000000000e+03
6.179000000000000000e+03
6.225000000000000000e+03
6.222000000000000000e+03
6.265000000000000000e+03
6.240000000000000000e+03
6.146000000000000000e+03
6.223000000000000000e+03
6.220000000000000000e+03
6.158000000000000000e+03
6.183000000000000000e+03
6.241000000000000000e+03
6.245000000000000000e+03
6.170000000000000000e+03
6.189000000000000000e+03
6.186000000000000000e+03
6.236000000000000000e+03
6.208000000000000000e+03
6.227000000000000000e+03
6.218000000000000000e+03
6.154000000000000000e+03
6.257000000000000000e+03
6.194000000000000000e+03
6.377000000000000000e+03
6.357000000000000000e+03
6.373000000000000000e+03
6.331000000000000000e+03
6.339000000000000000e+03
6.371000000000000000e+03
6.336000000000000000e+03
6.321000000000000000e+03
6.387000000000000000e+03
6.289000000000000000e+03
6.330000000000000000e+03
6.418000000000000000e+03
6.360000000000000000e+03
6.390000000000000000e+03
6.326000000000000000e+03
6.389000000000000000e+03
6.350000000000000000e+03
6.412000000000000000e+03
6.322000000000000000e+03
6.323000000000000000e+03
6.403000000000000000e+03
6.406000000000000000e+03
6.383000000000000000e+03
6.306000000000000000e+03
6.378000000000000000e+03
6.342000000000000000e+03
6.355000000000000000e+03
6.300000000000000000e+03
6.410000000000000000e+03
6.370000000000000000e+03
6.291000000000000000e+03
6.320000000000000000e+03
6.347000000000000000e+03
6.426000000000000000e+03
6.398000000000000000e+03
6.368000000000000000e+03
6.361000000000000000e+03
6.408000000000000000e+03
6.316000000000000000e+03
6.332000000000000000e+03
6.425000000000000000e+03
6.386000000000000000e+03
6.340000000000000000e+03
6.369000000000000000e+03
6.407000000000000000e+03
6.391000000000000000e+03
6.375000000000000000e+03
6.327000000000000000e+03
6.319000000000000000e+03
6.384000000000000000e+03
6.420000000000000000e+03
6.354000000000000000e+03
6.385000000000000000e+03
6.296000000000000000e+03
6.333000000000000000e+03
6.334000000000000000e+03
6.428000000000000000e+03
6.404000000000000000e+03
6.380000000000000000e+03
6.364000000000000000e+03
6.413000000000000000e+03
6.293000000000000000e+03
6.421000000000000000e+03
6.295000000000000000e+03
6.308000000000000000e+03
6.312000000000000000e+03
6.399000000000000000e+03
6.341000000000000000e+03
6.292000000000000000e+03
6.400000000000000000e+03
6.363000000000000000e+03
6.494000000000000000e+03
6.573000000000000000e+03
6.431000000000000000e+03
6.452000000000000000e+03
6.581000000000000000e+03
6.511000000000000000e+03
6.447000000000000000e+03
6.577000000000000000e+03
6.435000000000000000e+03
6.466000000000000000e+03
6.440000000000000000e+03
6.513000000000000000e+03
6.557000000000000000e+03
6.512000000000000000e+03
6.542000000000000000e+03
6.522000000000000000e+03
6.555000000000000000e+03
6.548000000000000000e+03
6.588000000000000000e+03
6.505000000000000000e+03
6.444000000000000000e+03
6.562000000000000000e+03
6.544000000000000000e+03
6.587000000000000000e+03
6.492000000000000000e+03
6.456000000000000000e+03
6.572000000000000000e+03
6.477000000000000000e+03
6.591000000000000000e+03
6.594000000000000000e+03
6.519000000000000000e+03
6.523000000000000000e+03
6.481000000000000000e+03
6.565000000000000000e+03
6.541000000000000000e+03
6.471000000000000000e+03
6.441000000000000000e+03
6.575000000000000000e+03
6.476000000000000000e+03
6.537000000000000000e+03
6.563000000000000000e+03
6.551000000000000000e+03
6.528000000000000000e+03
6.518000000000000000e+03
6.482000000000000000e+03
6.437000000000000000e+03
6.584000000000000000e+03
6.547000000000000000e+03
6.443000000000000000e+03
6.538000000000000000e+03
6.510000000000000000e+03
6.543000000000000000e+03
6.560000000000000000e+03
6.463000000000000000e+03
6.552000000000000000e+03
6.585000000000000000e+03
6.460000000000000000e+03
6.495000000000000000e+03
6.561000000000000000e+03
6.602000000000000000e+03
6.597000000000000000e+03
6.520000000000000000e+03
6.448000000000000000e+03
6.483000000000000000e+03
6.502000000000000000e+03
6.464000000000000000e+03
6.457000000000000000e+03
6.596000000000000000e+03
6.600000000000000000e+03
6.592000000000000000e+03
6.515000000000000000e+03
6.473000000000000000e+03
6.549000000000000000e+03
6.568000000000000000e+03
6.497000000000000000e+03
6.576000000000000000e+03
6.486000000000000000e+03
6.559000000000000000e+03
6.487000000000000000e+03
6.533000000000000000e+03
6.430000000000000000e+03
6.485000000000000000e+03
6.325000000000000000e+03
6.480000000000000000e+03
6.507000000000000000e+03
6.589000000000000000e+03
6.554000000000000000e+03
6.637000000000000000e+03
6.813000000000000000e+03
6.767000000000000000e+03
7.106000000000000000e+03
6.834000000000000000e+03
6.619000000000000000e+03
6.992000000000000000e+03
6.762000000000000000e+03
6.628000000000000000e+03
6.815000000000000000e+03
6.796000000000000000e+03
6.874000000000000000e+03
6.698000000000000000e+03
7.004000000000000000e+03
7.084000000000000000e+03
6.994000000000000000e+03
6.936000000000000000e+03
6.753000000000000000e+03
7.103000000000000000e+03
6.946000000000000000e+03
6.868000000000000000e+03
6.978000000000000000e+03
6.831000000000000000e+03
6.886000000000000000e+03
6.897000000000000000e+03
6.832000000000000000e+03
6.953000000000000000e+03
7.030000000000000000e+03
6.888000000000000000e+03
6.633000000000000000e+03
6.901000000000000000e+03
6.965000000000000000e+03
6.736000000000000000e+03
6.644000000000000000e+03
7.069000000000000000e+03
6.653000000000000000e+03
6.987000000000000000e+03
7.102000000000000000e+03
6.746000000000000000e+03
6.678000000000000000e+03
6.845000000000000000e+03
6.793000000000000000e+03
6.947000000000000000e+03
6.790000000000000000e+03
6.747000000000000000e+03
6.750000000000000000e+03
6.998000000000000000e+03
6.858000000000000000e+03
7.047000000000000000e+03
6.687000000000000000e+03
6.958000000000000000e+03
6.938000000000000000e+03
6.672000000000000000e+03
6.675000000000000000e+03
7.090000000000000000e+03
7.044000000000000000e+03
6.609000000000000000e+03
6.789000000000000000e+03
7.097000000000000000e+03
6.910000000000000000e+03
6.660000000000000000e+03
6.670000000000000000e+03
6.769000000000000000e+03
6.991000000000000000e+03
6.731000000000000000e+03
6.977000000000000000e+03
7.011000000000000000e+03
6.729000000000000000e+03
6.612000000000000000e+03
6.838000000000000000e+03
6.955000000000000000e+03
6.720000000000000000e+03
6.985000000000000000e+03
7.063000000000000000e+03
6.742000000000000000e+03
6.654000000000000000e+03
6.914000000000000000e+03
6.928000000000000000e+03
6.872000000000000000e+03
7.037000000000000000e+03
6.964000000000000000e+03
6.683000000000000000e+03
6.995000000000000000e+03
6.937000000000000000e+03
7.021000000000000000e+03
6.788000000000000000e+03
6.627000000000000000e+03
6.966000000000000000e+03
7.031000000000000000e+03
6.765000000000000000e+03
6.734000000000000000e+03
7.080000000000000000e+03
6.692000000000000000e+03
7.076000000000000000e+03
7.064000000000000000e+03
6.876000000000000000e+03
6.922000000000000000e+03
6.632000000000000000e+03
6.696000000000000000e+03
6.673000000000000000e+03
6.828000000000000000e+03
6.674000000000000000e+03
6.911000000000000000e+03
7.072000000000000000e+03
6.705000000000000000e+03
6.759000000000000000e+03
6.641000000000000000e+03
6.846000000000000000e+03
6.758000000000000000e+03
7.049000000000000000e+03
6.682000000000000000e+03
6.863000000000000000e+03
6.603000000000000000e+03
6.869000000000000000e+03
6.883000000000000000e+03
6.732000000000000000e+03
7.086000000000000000e+03
7.075000000000000000e+03
6.445000000000000000e+03
6.950000000000000000e+03
6.680000000000000000e+03
6.986000000000000000e+03
6.809000000000000000e+03
6.677000000000000000e+03
6.927000000000000000e+03
6.604000000000000000e+03
6.885000000000000000e+03
6.866000000000000000e+03
6.810000000000000000e+03
7.096000000000000000e+03
6.855000000000000000e+03
7.042000000000000000e+03
6.661000000000000000e+03
6.962000000000000000e+03
6.725000000000000000e+03
7.014000000000000000e+03
6.837000000000000000e+03
6.999000000000000000e+03
6.907000000000000000e+03
6.616000000000000000e+03
6.807000000000000000e+03
7.085000000000000000e+03
6.743000000000000000e+03
6.882000000000000000e+03
6.818000000000000000e+03
7.022000000000000000e+03
6.778000000000000000e+03
6.893000000000000000e+03
6.989000000000000000e+03
6.722000000000000000e+03
6.925000000000000000e+03
7.034000000000000000e+03
7.017000000000000000e+03
6.862000000000000000e+03
6.824000000000000000e+03
7.073000000000000000e+03
6.842000000000000000e+03
7.005000000000000000e+03
7.060000000000000000e+03
6.781000000000000000e+03
7.013000000000000000e+03
7.082000000000000000e+03
6.871000000000000000e+03
6.933000000000000000e+03
7.008000000000000000e+03
6.835000000000000000e+03
6.808000000000000000e+03
6.981000000000000000e+03
6.816000000000000000e+03
7.020000000000000000e+03
6.841000000000000000e+03
6.996000000000000000e+03
6.715000000000000000e+03
7.052000000000000000e+03
6.990000000000000000e+03
6.681000000000000000e+03
7.039000000000000000e+03
6.702000000000000000e+03
7.026000000000000000e+03
6.617000000000000000e+03
7.059000000000000000e+03
6.645000000000000000e+03
7.040000000000000000e+03
6.931000000000000000e+03
6.724000000000000000e+03
7.051000000000000000e+03
6.779000000000000000e+03
6.852000000000000000e+03
6.688000000000000000e+03
6.887000000000000000e+03
6.776000000000000000e+03
6.718000000000000000e+03
6.949000000000000000e+03
6.879000000000000000e+03
6.774000000000000000e+03
6.967000000000000000e+03
7.099000000000000000e+03
7.036000000000000000e+03
6.770000000000000000e+03
7.006000000000000000e+03
6.861000000000000000e+03
7.028000000000000000e+03
6.739000000000000000e+03
6.830000000000000000e+03
6.859000000000000000e+03
6.784000000000000000e+03
6.880000000000000000e+03
6.717000000000000000e+03
7.083000000000000000e+03
6.812000000000000000e+03
6.618000000000000000e+03
6.744000000000000000e+03
7.025000000000000000e+03
6.771000000000000000e+03
6.982000000000000000e+03
7.081000000000000000e+03
6.980000000000000000e+03
6.941000000000000000e+03
6.803000000000000000e+03
6.956000000000000000e+03
6.797000000000000000e+03
6.783000000000000000e+03
6.819000000000000000e+03
6.697000000000000000e+03
6.651000000000000000e+03
6.840000000000000000e+03
6.712000000000000000e+03
6.794000000000000000e+03
6.716000000000000000e+03
6.839000000000000000e+03
6.635000000000000000e+03
7.002000000000000000e+03
6.881000000000000000e+03
6.915000000000000000e+03
6.825000000000000000e+03
6.608000000000000000e+03
6.826000000000000000e+03
6.963000000000000000e+03
6.827000000000000000e+03
6.878000000000000000e+03
7.057000000000000000e+03
6.657000000000000000e+03
6.951000000000000000e+03
7.079000000000000000e+03
6.864000000000000000e+03
6.738000000000000000e+03
6.873000000000000000e+03
6.917000000000000000e+03
6.754000000000000000e+03
6.787000000000000000e+03
6.822000000000000000e+03
6.997000000000000000e+03
7.528000000000000000e+03
7.245000000000000000e+03
7.275000000000000000e+03
7.605000000000000000e+03
7.233000000000000000e+03
7.160000000000000000e+03
7.267000000000000000e+03
7.333000000000000000e+03
7.438000000000000000e+03
7.266000000000000000e+03
7.327000000000000000e+03
7.320000000000000000e+03
7.113000000000000000e+03
7.178000000000000000e+03
7.191000000000000000e+03
7.511000000000000000e+03
7.241000000000000000e+03
7.392000000000000000e+03
7.120000000000000000e+03
7.352000000000000000e+03
7.182000000000000000e+03
7.161000000000000000e+03
7.600000000000000000e+03
7.491000000000000000e+03
7.423000000000000000e+03
7.463000000000000000e+03
7.298000000000000000e+03
7.374000000000000000e+03
7.246000000000000000e+03
7.224000000000000000e+03
7.247000000000000000e+03
7.595000000000000000e+03
7.361000000000000000e+03
7.465000000000000000e+03
7.237000000000000000e+03
7.252000000000000000e+03
7.577000000000000000e+03
7.256000000000000000e+03
7.126000000000000000e+03
7.608000000000000000e+03
7.483000000000000000e+03
7.368000000000000000e+03
7.589000000000000000e+03
7.133000000000000000e+03
7.412000000000000000e+03
7.363000000000000000e+03
7.355000000000000000e+03
7.239000000000000000e+03
7.251000000000000000e+03
7.331000000000000000e+03
7.118000000000000000e+03
7.200000000000000000e+03
7.562000000000000000e+03
7.417000000000000000e+03
7.486000000000000000e+03
7.400000000000000000e+03
7.168000000000000000e+03
7.314000000000000000e+03
7.111000000000000000e+03
7.395000000000000000e+03
7.122000000000000000e+03
7.393000000000000000e+03
7.244000000000000000e+03
7.185000000000000000e+03
7.386000000000000000e+03
7.606000000000000000e+03
7.490000000000000000e+03
7.494000000000000000e+03
7.163000000000000000e+03
7.219000000000000000e+03
7.522000000000000000e+03
7.399000000000000000e+03
7.436000000000000000e+03
7.515000000000000000e+03
7.584000000000000000e+03
7.568000000000000000e+03
7.304000000000000000e+03
7.135000000000000000e+03
7.226000000000000000e+03
7.319000000000000000e+03
7.472000000000000000e+03
7.471000000000000000e+03
7.413000000000000000e+03
7.214000000000000000e+03
7.370000000000000000e+03
7.537000000000000000e+03
7.572000000000000000e+03
7.484000000000000000e+03
7.385000000000000000e+03
7.325000000000000000e+03
7.258000000000000000e+03
7.559000000000000000e+03
7.396000000000000000e+03
7.418000000000000000e+03
7.567000000000000000e+03
7.520000000000000000e+03
7.141000000000000000e+03
7.408000000000000000e+03
7.540000000000000000e+03
6.610000000000000000e+03
7.383000000000000000e+03
7.136000000000000000e+03
7.156000000000000000e+03
7.313000000000000000e+03
7.425000000000000000e+03
7.235000000000000000e+03
7.180000000000000000e+03
7.419000000000000000e+03
7.248000000000000000e+03
7.538000000000000000e+03
7.151000000000000000e+03
7.159000000000000000e+03
7.453000000000000000e+03
7.574000000000000000e+03
7.281000000000000000e+03
7.254000000000000000e+03
7.127000000000000000e+03
7.462000000000000000e+03
7.307000000000000000e+03
7.273000000000000000e+03
7.234000000000000000e+03
7.379000000000000000e+03
7.570000000000000000e+03
7.243000000000000000e+03
7.232000000000000000e+03
7.250000000000000000e+03
7.173000000000000000e+03
7.349000000000000000e+03
7.435000000000000000e+03
7.153000000000000000e+03
7.523000000000000000e+03
7.183000000000000000e+03
7.429000000000000000e+03
7.211000000000000000e+03
7.497000000000000000e+03
7.283000000000000000e+03
7.612000000000000000e+03
7.155000000000000000e+03
7.564000000000000000e+03
7.321000000000000000e+03
7.107000000000000000e+03
7.545000000000000000e+03
7.206000000000000000e+03
7.581000000000000000e+03
7.451000000000000000e+03
7.294000000000000000e+03
7.337000000000000000e+03
7.124000000000000000e+03
7.502000000000000000e+03
7.611000000000000000e+03
7.343000000000000000e+03
7.284000000000000000e+03
7.376000000000000000e+03
7.167000000000000000e+03
7.587000000000000000e+03
7.592000000000000000e+03
7.397000000000000000e+03
7.428000000000000000e+03
7.324000000000000000e+03
7.236000000000000000e+03
7.431000000000000000e+03
7.613000000000000000e+03
7.295000000000000000e+03
7.615000000000000000e+03
7.130000000000000000e+03
7.443000000000000000e+03
7.223000000000000000e+03
7.442000000000000000e+03
7.288000000000000000e+03
7.175000000000000000e+03
7.536000000000000000e+03
7.263000000000000000e+03
7.535000000000000000e+03
7.199000000000000000e+03
7.145000000000000000e+03
7.231000000000000000e+03
7.519000000000000000e+03
7.432000000000000000e+03
7.216000000000000000e+03
7.309000000000000000e+03
7.532000000000000000e+03
7.318000000000000000e+03
7.209000000000000000e+03
7.437000000000000000e+03
7.548000000000000000e+03
7.531000000000000000e+03
7.171000000000000000e+03
7.610000000000000000e+03
7.140000000000000000e+03
7.449000000000000000e+03
7.387000000000000000e+03
7.476000000000000000e+03
7.488000000000000000e+03
7.580000000000000000e+03
7.380000000000000000e+03
7.109000000000000000e+03
7.513000000000000000e+03
7.492000000000000000e+03
7.440000000000000000e+03
7.557000000000000000e+03
7.573000000000000000e+03
7.342000000000000000e+03
7.487000000000000000e+03
7.459000000000000000e+03
7.503000000000000000e+03
7.229000000000000000e+03
7.447000000000000000e+03
7.407000000000000000e+03
7.253000000000000000e+03
7.402000000000000000e+03
7.277000000000000000e+03
7.260000000000000000e+03
7.366000000000000000e+03
7.430000000000000000e+03
7.195000000000000000e+03
7.257000000000000000e+03
7.115000000000000000e+03
7.303000000000000000e+03
7.269000000000000000e+03
7.117000000000000000e+03
7.516000000000000000e+03
7.354000000000000000e+03
7.315000000000000000e+03
7.189000000000000000e+03
7.586000000000000000e+03
7.150000000000000000e+03
7.473000000000000000e+03
7.576000000000000000e+03
7.489000000000000000e+03
7.398000000000000000e+03
7.588000000000000000e+03
7.409000000000000000e+03
7.583000000000000000e+03
7.116000000000000000e+03
7.218000000000000000e+03
7.598000000000000000e+03
7.391000000000000000e+03
7.186000000000000000e+03
7.507000000000000000e+03
7.279000000000000000e+03
7.593000000000000000e+03
7.452000000000000000e+03
7.404000000000000000e+03
7.353000000000000000e+03
7.590000000000000000e+03
7.346000000000000000e+03
7.341000000000000000e+03
7.599000000000000000e+03
7.212000000000000000e+03
7.287000000000000000e+03
7.157000000000000000e+03
7.603000000000000000e+03
7.416000000000000000e+03
7.405000000000000000e+03
7.317000000000000000e+03
7.736000000000000000e+03
7.721000000000000000e+03
7.741000000000000000e+03
7.719000000000000000e+03
7.768000000000000000e+03
7.748000000000000000e+03
7.775000000000000000e+03
7.705000000000000000e+03
7.803000000000000000e+03
7.632000000000000000e+03
7.692000000000000000e+03
7.757000000000000000e+03
7.778000000000000000e+03
7.756000000000000000e+03
7.680000000000000000e+03
7.792000000000000000e+03
7.621000000000000000e+03
7.628000000000000000e+03
7.707000000000000000e+03
7.791000000000000000e+03
7.622000000000000000e+03
7.776000000000000000e+03
7.713000000000000000e+03
7.684000000000000000e+03
7.682000000000000000e+03
7.733000000000000000e+03
7.729000000000000000e+03
7.649000000000000000e+03
7.751000000000000000e+03
7.797000000000000000e+03
7.796000000000000000e+03
7.630000000000000000e+03
7.696000000000000000e+03
7.674000000000000000e+03
7.681000000000000000e+03
7.770000000000000000e+03
7.737000000000000000e+03
7.658000000000000000e+03
7.771000000000000000e+03
7.663000000000000000e+03
7.662000000000000000e+03
7.683000000000000000e+03
7.626000000000000000e+03
7.672000000000000000e+03
7.709000000000000000e+03
7.706000000000000000e+03
7.655000000000000000e+03
7.676000000000000000e+03
7.660000000000000000e+03
7.720000000000000000e+03
7.738000000000000000e+03
7.759000000000000000e+03
7.636000000000000000e+03
7.627000000000000000e+03
7.670000000000000000e+03
7.640000000000000000e+03
7.802000000000000000e+03
7.745000000000000000e+03
7.739000000000000000e+03
7.784000000000000000e+03
7.629000000000000000e+03
7.754000000000000000e+03
7.691000000000000000e+03
7.891000000000000000e+03
7.959000000000000000e+03
8.105000000000000000e+03
8.070000000000000000e+03
8.067000000000000000e+03
7.870000000000000000e+03
7.956000000000000000e+03
7.822000000000000000e+03
8.059000000000000000e+03
8.046000000000000000e+03
7.841000000000000000e+03
7.885000000000000000e+03
8.052000000000000000e+03
7.912000000000000000e+03
8.010000000000000000e+03
7.935000000000000000e+03
7.750000000000000000e+03
7.919000000000000000e+03
7.813000000000000000e+03
8.023000000000000000e+03
8.101000000000000000e+03
7.914000000000000000e+03
7.818000000000000000e+03
7.823000000000000000e+03
7.928000000000000000e+03
7.960000000000000000e+03
8.069000000000000000e+03
8.112000000000000000e+03
7.894000000000000000e+03
7.951000000000000000e+03
8.053000000000000000e+03
8.086000000000000000e+03
8.018000000000000000e+03
7.904000000000000000e+03
7.814000000000000000e+03
8.000000000000000000e+03
7.810000000000000000e+03
7.902000000000000000e+03
7.931000000000000000e+03
7.981000000000000000e+03
7.851000000000000000e+03
8.088000000000000000e+03
8.094000000000000000e+03
7.973000000000000000e+03
8.056000000000000000e+03
7.976000000000000000e+03
8.084000000000000000e+03
8.037000000000000000e+03
8.051000000000000000e+03
7.909000000000000000e+03
8.057000000000000000e+03
7.875000000000000000e+03
8.042000000000000000e+03
7.880000000000000000e+03
8.040000000000000000e+03
8.062000000000000000e+03
7.874000000000000000e+03
8.043000000000000000e+03
8.064000000000000000e+03
7.903000000000000000e+03
8.118000000000000000e+03
7.982000000000000000e+03
7.873000000000000000e+03
7.970000000000000000e+03
7.869000000000000000e+03
8.014000000000000000e+03
8.013000000000000000e+03
7.989000000000000000e+03
7.910000000000000000e+03
8.100000000000000000e+03
8.015000000000000000e+03
8.030000000000000000e+03
7.906000000000000000e+03
7.916000000000000000e+03
8.041000000000000000e+03
8.120000000000000000e+03
7.838000000000000000e+03
7.961000000000000000e+03
8.004000000000000000e+03
7.936000000000000000e+03
8.003000000000000000e+03
7.807000000000000000e+03
7.835000000000000000e+03
7.978000000000000000e+03
8.017000000000000000e+03
7.940000000000000000e+03
7.968000000000000000e+03
8.061000000000000000e+03
7.945000000000000000e+03
8.035000000000000000e+03
8.063000000000000000e+03
7.881000000000000000e+03
8.111000000000000000e+03
8.024000000000000000e+03
7.856000000000000000e+03
8.098000000000000000e+03
8.009000000000000000e+03
7.850000000000000000e+03
7.927000000000000000e+03
7.923000000000000000e+03
8.074000000000000000e+03
7.844000000000000000e+03
7.996000000000000000e+03
8.072000000000000000e+03
7.955000000000000000e+03
7.887000000000000000e+03
7.890000000000000000e+03
7.901000000000000000e+03
7.962000000000000000e+03
7.942000000000000000e+03
8.077000000000000000e+03
8.071000000000000000e+03
7.937000000000000000e+03
7.819000000000000000e+03
7.900000000000000000e+03
7.950000000000000000e+03
7.920000000000000000e+03
7.889000000000000000e+03
8.076000000000000000e+03
8.036000000000000000e+03
8.027000000000000000e+03
7.848000000000000000e+03
7.853000000000000000e+03
7.893000000000000000e+03
7.862000000000000000e+03
8.045000000000000000e+03
7.826000000000000000e+03
7.859000000000000000e+03
8.022000000000000000e+03
8.097000000000000000e+03
7.829000000000000000e+03
7.971000000000000000e+03
8.005000000000000000e+03
7.974000000000000000e+03
8.083000000000000000e+03
7.852000000000000000e+03
7.915000000000000000e+03
7.992000000000000000e+03
7.990000000000000000e+03
7.846000000000000000e+03
7.918000000000000000e+03
7.943000000000000000e+03
8.079000000000000000e+03
7.798000000000000000e+03
8.050000000000000000e+03
7.997000000000000000e+03
8.058000000000000000e+03
7.824000000000000000e+03
8.065000000000000000e+03
7.983000000000000000e+03
8.032000000000000000e+03
7.882000000000000000e+03
7.866000000000000000e+03
7.941000000000000000e+03
7.975000000000000000e+03
7.929000000000000000e+03
7.864000000000000000e+03
7.825000000000000000e+03
7.963000000000000000e+03
8.304000000000000000e+03
8.273000000000000000e+03
8.160000000000000000e+03
8.209000000000000000e+03
8.241000000000000000e+03
8.295000000000000000e+03
8.165000000000000000e+03
8.275000000000000000e+03
8.202000000000000000e+03
8.260000000000000000e+03
8.135000000000000000e+03
8.306000000000000000e+03
8.269000000000000000e+03
8.140000000000000000e+03
8.157000000000000000e+03
8.249000000000000000e+03
8.244000000000000000e+03
8.294000000000000000e+03
8.161000000000000000e+03
8.139000000000000000e+03
8.261000000000000000e+03
8.227000000000000000e+03
8.150000000000000000e+03
8.282000000000000000e+03
8.248000000000000000e+03
8.302000000000000000e+03
8.253000000000000000e+03
8.243000000000000000e+03
8.179000000000000000e+03
8.178000000000000000e+03
8.234000000000000000e+03
8.229000000000000000e+03
8.208000000000000000e+03
8.128000000000000000e+03
8.310000000000000000e+03
8.132000000000000000e+03
8.123000000000000000e+03
8.240000000000000000e+03
8.286000000000000000e+03
8.322000000000000000e+03
8.174000000000000000e+03
8.190000000000000000e+03
8.319000000000000000e+03
8.315000000000000000e+03
8.238000000000000000e+03
8.144000000000000000e+03
8.137000000000000000e+03
8.219000000000000000e+03
8.303000000000000000e+03
8.180000000000000000e+03
8.256000000000000000e+03
8.259000000000000000e+03
8.143000000000000000e+03
8.172000000000000000e+03
8.268000000000000000e+03
8.236000000000000000e+03
8.136000000000000000e+03
8.296000000000000000e+03
8.250000000000000000e+03
8.271000000000000000e+03
8.291000000000000000e+03
8.292000000000000000e+03
8.211000000000000000e+03
8.204000000000000000e+03
8.201000000000000000e+03
8.148000000000000000e+03
8.203000000000000000e+03
8.272000000000000000e+03
8.305000000000000000e+03
8.152000000000000000e+03
8.206000000000000000e+03
8.278000000000000000e+03
8.246000000000000000e+03
8.168000000000000000e+03
8.162000000000000000e+03
8.233000000000000000e+03
8.223000000000000000e+03
8.280000000000000000e+03
8.205000000000000000e+03
8.270000000000000000e+03
8.325000000000000000e+03
8.262000000000000000e+03
8.198000000000000000e+03
8.222000000000000000e+03
8.232000000000000000e+03
8.326000000000000000e+03
8.237000000000000000e+03
8.324000000000000000e+03
8.287000000000000000e+03
8.313000000000000000e+03
8.199000000000000000e+03
8.158000000000000000e+03
8.216000000000000000e+03
8.154000000000000000e+03
8.231000000000000000e+03
8.182000000000000000e+03
8.141000000000000000e+03
8.327000000000000000e+03
8.177000000000000000e+03
8.181000000000000000e+03
8.173000000000000000e+03
8.316000000000000000e+03
8.602000000000000000e+03
8.520000000000000000e+03
8.725000000000000000e+03
8.527000000000000000e+03
8.358000000000000000e+03
8.487000000000000000e+03
8.444000000000000000e+03
8.430000000000000000e+03
8.752000000000000000e+03
8.365000000000000000e+03
8.493000000000000000e+03
8.359000000000000000e+03
8.637000000000000000e+03
8.597000000000000000e+03
8.643000000000000000e+03
8.421000000000000000e+03
8.363000000000000000e+03
8.682000000000000000e+03
8.330000000000000000e+03
8.417000000000000000e+03
8.668000000000000000e+03
8.626000000000000000e+03
8.443000000000000000e+03
8.621000000000000000e+03
8.665000000000000000e+03
8.661000000000000000e+03
8.331000000000000000e+03
8.620000000000000000e+03
8.338000000000000000e+03
8.700000000000000000e+03
8.662000000000000000e+03
8.452000000000000000e+03
8.681000000000000000e+03
8.711000000000000000e+03
8.724000000000000000e+03
8.494000000000000000e+03
8.470000000000000000e+03
8.429000000000000000e+03
8.607000000000000000e+03
8.578000000000000000e+03
8.513000000000000000e+03
8.664000000000000000e+03
8.438000000000000000e+03
8.383000000000000000e+03
8.636000000000000000e+03
8.364000000000000000e+03
8.683000000000000000e+03
8.384000000000000000e+03
8.510000000000000000e+03
8.610000000000000000e+03
8.554000000000000000e+03
8.522000000000000000e+03
8.717000000000000000e+03
8.546000000000000000e+03
8.423000000000000000e+03
8.652000000000000000e+03
8.746000000000000000e+03
8.684000000000000000e+03
8.723000000000000000e+03
8.516000000000000000e+03
8.640000000000000000e+03
8.437000000000000000e+03
8.747000000000000000e+03
8.653000000000000000e+03
8.715000000000000000e+03
8.394000000000000000e+03
8.415000000000000000e+03
8.425000000000000000e+03
8.523000000000000000e+03
8.550000000000000000e+03
8.400000000000000000e+03
8.469000000000000000e+03
8.542000000000000000e+03
8.731000000000000000e+03
8.745000000000000000e+03
8.508000000000000000e+03
8.382000000000000000e+03
8.657000000000000000e+03
8.694000000000000000e+03
8.543000000000000000e+03
8.343000000000000000e+03
8.414000000000000000e+03
8.410000000000000000e+03
8.706000000000000000e+03
8.404000000000000000e+03
8.530000000000000000e+03
8.560000000000000000e+03
8.476000000000000000e+03
8.350000000000000000e+03
8.647000000000000000e+03
8.727000000000000000e+03
8.349000000000000000e+03
8.732000000000000000e+03
8.544000000000000000e+03
8.340000000000000000e+03
8.348000000000000000e+03
8.736000000000000000e+03
8.424000000000000000e+03
8.579000000000000000e+03
8.567000000000000000e+03
8.598000000000000000e+03
8.461000000000000000e+03
8.490000000000000000e+03
8.608000000000000000e+03
8.501000000000000000e+03
8.596000000000000000e+03
8.705000000000000000e+03
8.548000000000000000e+03
8.722000000000000000e+03
8.702000000000000000e+03
8.713000000000000000e+03
8.386000000000000000e+03
8.474000000000000000e+03
8.629000000000000000e+03
8.737000000000000000e+03
8.517000000000000000e+03
8.738000000000000000e+03
8.455000000000000000e+03
8.478000000000000000e+03
8.427000000000000000e+03
8.463000000000000000e+03
8.440000000000000000e+03
8.553000000000000000e+03
8.562000000000000000e+03
8.667000000000000000e+03
8.645000000000000000e+03
8.369000000000000000e+03
8.373000000000000000e+03
8.743000000000000000e+03
8.622000000000000000e+03
8.563000000000000000e+03
8.460000000000000000e+03
8.533000000000000000e+03
8.538000000000000000e+03
8.606000000000000000e+03
8.701000000000000000e+03
8.535000000000000000e+03
8.644000000000000000e+03
8.671000000000000000e+03
8.486000000000000000e+03
8.680000000000000000e+03
8.441000000000000000e+03
8.488000000000000000e+03
8.585000000000000000e+03
8.601000000000000000e+03
8.480000000000000000e+03
8.595000000000000000e+03
8.612000000000000000e+03
8.749000000000000000e+03
8.663000000000000000e+03
8.679000000000000000e+03
8.654000000000000000e+03
8.740000000000000000e+03
8.628000000000000000e+03
8.387000000000000000e+03
8.611000000000000000e+03
8.729000000000000000e+03
8.398000000000000000e+03
8.532000000000000000e+03
8.537000000000000000e+03
8.390000000000000000e+03
8.457000000000000000e+03
8.434000000000000000e+03
8.531000000000000000e+03
8.483000000000000000e+03
8.556000000000000000e+03
8.673000000000000000e+03
8.704000000000000000e+03
8.634000000000000000e+03
8.479000000000000000e+03
8.361000000000000000e+03
8.448000000000000000e+03
8.659000000000000000e+03
8.367000000000000000e+03
8.431000000000000000e+03
8.378000000000000000e+03
8.426000000000000000e+03
8.422000000000000000e+03
8.360000000000000000e+03
8.605000000000000000e+03
8.719000000000000000e+03
8.638000000000000000e+03
8.709000000000000000e+03
8.686000000000000000e+03
8.648000000000000000e+03
8.660000000000000000e+03
8.335000000000000000e+03
8.600000000000000000e+03
8.639000000000000000e+03
8.380000000000000000e+03
8.468000000000000000e+03
8.570000000000000000e+03
8.355000000000000000e+03
8.524000000000000000e+03
8.374000000000000000e+03
8.411000000000000000e+03
8.632000000000000000e+03
8.698000000000000000e+03
8.502000000000000000e+03
8.346000000000000000e+03
8.497000000000000000e+03
8.509000000000000000e+03
8.512000000000000000e+03
8.402000000000000000e+03
8.385000000000000000e+03
8.573000000000000000e+03
8.498000000000000000e+03
8.633000000000000000e+03
8.670000000000000000e+03
8.436000000000000000e+03
8.521000000000000000e+03
8.733000000000000000e+03
8.329000000000000000e+03
8.590000000000000000e+03
