1.082800000000000000e+04
1.076100000000000000e+04
1.086900000000000000e+04
1.076400000000000000e+04
1.087500000000000000e+04
1.089100000000000000e+04
1.070200000000000000e+04
1.085600000000000000e+04
1.072100000000000000e+04
1.068100000000000000e+04
1.070500000000000000e+04
1.082500000000000000e+04
1.072900000000000000e+04
1.091000000000000000e+04
1.091200000000000000e+04
1.076600000000000000e+04
1.076300000000000000e+04
1.084000000000000000e+04
1.081300000000000000e+04
1.088500000000000000e+04
1.076000000000000000e+04
1.072200000000000000e+04
1.074100000000000000e+04
1.075400000000000000e+04
1.074500000000000000e+04
1.083800000000000000e+04
1.069900000000000000e+04
1.081800000000000000e+04
1.079400000000000000e+04
1.078400000000000000e+04
1.088700000000000000e+04
1.075800000000000000e+04
1.090500000000000000e+04
1.087700000000000000e+04
1.069300000000000000e+04
1.069600000000000000e+04
1.074800000000000000e+04
1.075500000000000000e+04
1.077600000000000000e+04
1.090600000000000000e+04
1.077700000000000000e+04
1.079300000000000000e+04
1.070100000000000000e+04
1.085300000000000000e+04
1.087400000000000000e+04
1.068500000000000000e+04
1.089900000000000000e+04
1.073200000000000000e+04
1.080300000000000000e+04
1.078700000000000000e+04
1.076500000000000000e+04
1.069700000000000000e+04
1.069000000000000000e+04
1.070600000000000000e+04
1.074900000000000000e+04
1.083200000000000000e+04
1.077200000000000000e+04
1.068700000000000000e+04
1.071400000000000000e+04
1.084500000000000000e+04
1.070900000000000000e+04
1.087800000000000000e+04
1.069200000000000000e+04
1.068800000000000000e+04
1.078500000000000000e+04
1.086300000000000000e+04
1.087900000000000000e+04
1.084700000000000000e+04
1.085100000000000000e+04
1.088000000000000000e+04
1.068900000000000000e+04
1.072500000000000000e+04
1.082400000000000000e+04
1.068200000000000000e+04
1.090200000000000000e+04
1.088900000000000000e+04
1.089700000000000000e+04
1.073900000000000000e+04
1.080200000000000000e+04
1.070000000000000000e+04
1.073100000000000000e+04
1.077000000000000000e+04
1.088100000000000000e+04
1.076800000000000000e+04
1.073700000000000000e+04
1.088600000000000000e+04
1.071900000000000000e+04
1.071000000000000000e+04
1.077100000000000000e+04
1.090100000000000000e+04
1.085200000000000000e+04
1.082000000000000000e+04
1.084400000000000000e+04
1.069800000000000000e+04
1.073600000000000000e+04
1.077300000000000000e+04
1.075100000000000000e+04
1.081700000000000000e+04
1.091100000000000000e+04
1.071600000000000000e+04
1.078300000000000000e+04
1.081400000000000000e+04
1.085500000000000000e+04
1.090400000000000000e+04
1.080000000000000000e+04
1.079200000000000000e+04
1.080900000000000000e+04
1.079500000000000000e+04
1.087000000000000000e+04
1.071200000000000000e+04
1.073400000000000000e+04
1.088300000000000000e+04
1.080500000000000000e+04
1.071700000000000000e+04
1.070400000000000000e+04
1.086200000000000000e+04
1.070700000000000000e+04
1.079700000000000000e+04
1.069100000000000000e+04
1.078000000000000000e+04
1.078800000000000000e+04
1.089600000000000000e+04
1.085000000000000000e+04
1.079000000000000000e+04
1.078900000000000000e+04
1.076200000000000000e+04
1.083600000000000000e+04
1.072600000000000000e+04
1.090800000000000000e+04
1.079900000000000000e+04
1.085700000000000000e+04
1.071500000000000000e+04
1.087100000000000000e+04
1.082300000000000000e+04
1.080800000000000000e+04
1.068300000000000000e+04
1.088200000000000000e+04
1.081500000000000000e+04
1.077500000000000000e+04
1.074200000000000000e+04
1.083100000000000000e+04
1.086000000000000000e+04
1.083000000000000000e+04
1.083700000000000000e+04
1.079600000000000000e+04
1.082200000000000000e+04
1.091600000000000000e+04
1.086100000000000000e+04
1.080700000000000000e+04
1.080100000000000000e+04
1.081200000000000000e+04
1.081100000000000000e+04
1.077400000000000000e+04
1.069400000000000000e+04
1.090900000000000000e+04
1.077900000000000000e+04
1.072300000000000000e+04
1.085900000000000000e+04
1.068400000000000000e+04
1.078100000000000000e+04
1.075600000000000000e+04
1.089800000000000000e+04
1.085800000000000000e+04
1.072700000000000000e+04
1.081000000000000000e+04
1.088800000000000000e+04
1.084200000000000000e+04
1.083400000000000000e+04
1.075200000000000000e+04
1.086800000000000000e+04
1.073500000000000000e+04
1.082900000000000000e+04
1.089400000000000000e+04
1.074700000000000000e+04
1.089000000000000000e+04
1.070300000000000000e+04
1.087300000000000000e+04
1.078200000000000000e+04
1.086700000000000000e+04
1.074000000000000000e+04
1.071300000000000000e+04
1.082600000000000000e+04
1.074300000000000000e+04
1.072800000000000000e+04
1.087600000000000000e+04
1.080600000000000000e+04
1.084300000000000000e+04
1.091300000000000000e+04
1.072000000000000000e+04
1.068000000000000000e+04
1.084800000000000000e+04
1.082100000000000000e+04
1.073300000000000000e+04
1.081900000000000000e+04
1.089200000000000000e+04
1.084100000000000000e+04
1.083500000000000000e+04
1.079800000000000000e+04
1.090000000000000000e+04
1.082700000000000000e+04
1.084900000000000000e+04
1.068600000000000000e+04
1.075300000000000000e+04
1.085400000000000000e+04
1.091500000000000000e+04
1.089500000000000000e+04
1.086500000000000000e+04
1.080400000000000000e+04
1.078600000000000000e+04
1.084600000000000000e+04
1.077800000000000000e+04
1.083900000000000000e+04
1.069500000000000000e+04
1.083300000000000000e+04
1.072400000000000000e+04
1.086600000000000000e+04
1.088400000000000000e+04
1.076900000000000000e+04
1.090700000000000000e+04
1.075700000000000000e+04
1.075000000000000000e+04
1.074400000000000000e+04
1.071800000000000000e+04
1.087200000000000000e+04
1.070800000000000000e+04
1.071100000000000000e+04
1.086400000000000000e+04
1.091400000000000000e+04
1.076700000000000000e+04
1.089300000000000000e+04
1.074600000000000000e+04
1.073800000000000000e+04
1.081600000000000000e+04
1.079100000000000000e+04
1.090300000000000000e+04
1.073000000000000000e+04
1.075900000000000000e+04
1.099400000000000000e+04
1.115500000000000000e+04
1.093600000000000000e+04
1.097100000000000000e+04
1.111300000000000000e+04
1.093400000000000000e+04
1.103700000000000000e+04
1.116300000000000000e+04
1.099300000000000000e+04
1.097400000000000000e+04
1.098100000000000000e+04
1.095800000000000000e+04
1.101500000000000000e+04
1.100100000000000000e+04
1.106000000000000000e+04
1.096900000000000000e+04
1.113600000000000000e+04
1.107400000000000000e+04
1.114400000000000000e+04
1.115600000000000000e+04
1.100200000000000000e+04
1.100000000000000000e+04
1.101600000000000000e+04
1.112000000000000000e+04
1.109900000000000000e+04
1.094900000000000000e+04
1.102000000000000000e+04
1.102400000000000000e+04
1.102500000000000000e+04
1.095600000000000000e+04
1.114700000000000000e+04
1.105100000000000000e+04
1.093500000000000000e+04
1.108800000000000000e+04
1.100900000000000000e+04
1.101300000000000000e+04
1.104800000000000000e+04
1.103200000000000000e+04
1.100500000000000000e+04
1.109400000000000000e+04
1.106700000000000000e+04
1.115900000000000000e+04
1.097600000000000000e+04
1.112900000000000000e+04
1.091800000000000000e+04
1.105500000000000000e+04
1.101100000000000000e+04
1.093100000000000000e+04
1.114500000000000000e+04
1.093200000000000000e+04
1.105600000000000000e+04
1.111800000000000000e+04
1.115300000000000000e+04
1.103400000000000000e+04
1.099700000000000000e+04
1.110700000000000000e+04
1.095400000000000000e+04
1.106600000000000000e+04
1.101200000000000000e+04
1.102800000000000000e+04
1.091700000000000000e+04
1.106300000000000000e+04
1.114000000000000000e+04
1.102300000000000000e+04
1.105800000000000000e+04
1.098300000000000000e+04
1.092000000000000000e+04
1.095300000000000000e+04
1.108000000000000000e+04
1.103300000000000000e+04
1.116100000000000000e+04
1.099000000000000000e+04
1.104300000000000000e+04
1.105700000000000000e+04
1.096100000000000000e+04
1.111900000000000000e+04
1.095000000000000000e+04
1.099500000000000000e+04
1.098800000000000000e+04
1.114100000000000000e+04
1.105400000000000000e+04
1.111000000000000000e+04
1.107900000000000000e+04
1.100600000000000000e+04
1.116000000000000000e+04
1.107000000000000000e+04
1.104700000000000000e+04
1.108500000000000000e+04
1.099100000000000000e+04
1.107100000000000000e+04
1.104200000000000000e+04
1.101900000000000000e+04
1.116200000000000000e+04
1.112300000000000000e+04
1.110500000000000000e+04
1.102100000000000000e+04
1.105000000000000000e+04
1.095200000000000000e+04
1.103500000000000000e+04
1.110800000000000000e+04
1.092300000000000000e+04
1.112600000000000000e+04
1.094200000000000000e+04
1.100700000000000000e+04
1.094800000000000000e+04
1.111500000000000000e+04
1.094600000000000000e+04
1.099900000000000000e+04
1.093300000000000000e+04
1.097800000000000000e+04
1.113700000000000000e+04
1.113900000000000000e+04
1.112800000000000000e+04
1.100400000000000000e+04
1.109100000000000000e+04
1.098600000000000000e+04
1.112100000000000000e+04
1.097200000000000000e+04
1.101000000000000000e+04
1.106900000000000000e+04
1.103900000000000000e+04
1.098500000000000000e+04
1.109200000000000000e+04
