2.426000000000000000e+03
2.286000000000000000e+03
5.137400000000000000e+04
4.619400000000000000e+04
5.002800000000000000e+04
2.227000000000000000e+03
4.642600000000000000e+04
4.295000000000000000e+03
2.692000000000000000e+03
3.945900000000000000e+04
3.569900000000000000e+04
3.676300000000000000e+04
3.167200000000000000e+04
4.833800000000000000e+04
4.626100000000000000e+04
4.388000000000000000e+04
5.000700000000000000e+04
2.497600000000000000e+04
4.628800000000000000e+04
4.452000000000000000e+03
