3
26
30
46
27
37
44
66
29
45
31
84
28
35
25
47
1.910000000000000000e+02
1.590000000000000000e+02
1.280000000000000000e+02
1.140000000000000000e+02
2.110000000000000000e+02
1.790000000000000000e+02
1.320000000000000000e+02
1.340000000000000000e+02
1.030000000000000000e+02
1.430000000000000000e+02
1.880000000000000000e+02
1.630000000000000000e+02
1.890000000000000000e+02
1.760000000000000000e+02
1.780000000000000000e+02
1.470000000000000000e+02
1.970000000000000000e+02
1.920000000000000000e+02
2.040000000000000000e+02
1.640000000000000000e+02
1.210000000000000000e+02
1.600000000000000000e+02
2.010000000000000000e+02
1.300000000000000000e+02
1.350000000000000000e+02
2.080000000000000000e+02
1.690000000000000000e+02
1.370000000000000000e+02
2.090000000000000000e+02
1.200000000000000000e+02
1.000000000000000000e+02
1.540000000000000000e+02
2.050000000000000000e+02
1.560000000000000000e+02
1.980000000000000000e+02
1.120000000000000000e+02
2.120000000000000000e+02
1.770000000000000000e+02
1.550000000000000000e+02
1.840000000000000000e+02
1.170000000000000000e+02
1.190000000000000000e+02
1.660000000000000000e+02
1.230000000000000000e+02
1.990000000000000000e+02
2.070000000000000000e+02
9.900000000000000000e+01
2.060000000000000000e+02
1.720000000000000000e+02
1.070000000000000000e+02
1.950000000000000000e+02
1.820000000000000000e+02
2.020000000000000000e+02
1.680000000000000000e+02
1.900000000000000000e+02
1.940000000000000000e+02
1.860000000000000000e+02
1.360000000000000000e+02
1.160000000000000000e+02
1.730000000000000000e+02
1.670000000000000000e+02
1.390000000000000000e+02
2.130000000000000000e+02
1.100000000000000000e+02
1.440000000000000000e+02
1.650000000000000000e+02
1.090000000000000000e+02
1.060000000000000000e+02
1.490000000000000000e+02
1.040000000000000000e+02
1.800000000000000000e+02
1.110000000000000000e+02
1.870000000000000000e+02
1.570000000000000000e+02
1.220000000000000000e+02
1.260000000000000000e+02
1.580000000000000000e+02
1.250000000000000000e+02
1.830000000000000000e+02
1.750000000000000000e+02
1.330000000000000000e+02
1.710000000000000000e+02
1.460000000000000000e+02
1.270000000000000000e+02
1.740000000000000000e+02
1.180000000000000000e+02
1.850000000000000000e+02
1.420000000000000000e+02
1.620000000000000000e+02
1.290000000000000000e+02
1.310000000000000000e+02
1.400000000000000000e+02
2.030000000000000000e+02
1.700000000000000000e+02
1.500000000000000000e+02
1.240000000000000000e+02
1.130000000000000000e+02
1.450000000000000000e+02
1.610000000000000000e+02
1.020000000000000000e+02
1.010000000000000000e+02
1.080000000000000000e+02
1.810000000000000000e+02
1.410000000000000000e+02
1.530000000000000000e+02
2.100000000000000000e+02
1.960000000000000000e+02
1.150000000000000000e+02
1.930000000000000000e+02
2.000000000000000000e+02
1.380000000000000000e+02
1.480000000000000000e+02
1.520000000000000000e+02
1.510000000000000000e+02
1.050000000000000000e+02
2.570000000000000000e+02
2.200000000000000000e+02
3.690000000000000000e+02
2.500000000000000000e+02
4.700000000000000000e+02
4.500000000000000000e+02
2.320000000000000000e+02
2.270000000000000000e+02
4.770000000000000000e+02
2.930000000000000000e+02
2.960000000000000000e+02
2.810000000000000000e+02
2.660000000000000000e+02
2.990000000000000000e+02
3.800000000000000000e+02
2.560000000000000000e+02
2.850000000000000000e+02
3.610000000000000000e+02
3.000000000000000000e+02
3.650000000000000000e+02
4.610000000000000000e+02
3.280000000000000000e+02
2.940000000000000000e+02
3.860000000000000000e+02
3.630000000000000000e+02
4.520000000000000000e+02

4.550000000000000000e+02


3.660000000000000000e+02
3.380000000000000000e+02
3.600000000000000000e+02
4.200000000000000000e+02
4.570000000000000000e+02
4.150000000000000000e+02
4.330000000000000000e+02
2.420000000000000000e+02
4.590000000000000000e+02
2.800000000000000000e+02
2.360000000000000000e+02
3.560000000000000000e+02
4.510000000000000000e+02
4.650000000000000000e+02
3.370000000000000000e+02
3.180000000000000000e+02
4.750000000000000000e+02
2.190000000000000000e+02
3.400000000000000000e+02
2.430000000000000000e+02
2.700000000000000000e+02
4.080000000000000000e+02
3.270000000000000000e+02
3.570000000000000000e+02
2.300000000000000000e+02
4.360000000000000000e+02
3.960000000000000000e+02
2.230000000000000000e+02
3.080000000000000000e+02
2.530000000000000000e+02
3.510000000000000000e+02
2.220000000000000000e+02
3.290000000000000000e+02
3.880000000000000000e+02
2.970000000000000000e+02
4.440000000000000000e+02
4.620000000000000000e+02
3.940000000000000000e+02
3.110000000000000000e+02
3.320000000000000000e+02
2.210000000000000000e+02
2.350000000000000000e+02
3.520000000000000000e+02
3.060000000000000000e+02
4.180000000000000000e+02
4.530000000000000000e+02
2.770000000000000000e+02
3.210000000000000000e+02
2.620000000000000000e+02
4.310000000000000000e+02
3.780000000000000000e+02
3.490000000000000000e+02
3.120000000000000000e+02
3.720000000000000000e+02
2.910000000000000000e+02
2.670000000000000000e+02
2.490000000000000000e+02
2.720000000000000000e+02
4.040000000000000000e+02
3.200000000000000000e+02
4.690000000000000000e+02
3.460000000000000000e+02
5.530000000000000000e+02
5.410000000000000000e+02
5.450000000000000000e+02
4.860000000000000000e+02
5.770000000000000000e+02
5.290000000000000000e+02
5.690000000000000000e+02
5.760000000000000000e+02

5.880000000000000000e+02
5.660000000000000000e+02
5.630000000000000000e+02
6.160000000000000000e+02
5.680000000000000000e+02
5.870000000000000000e+02
6.130000000000000000e+02
5.030000000000000000e+02
5.810000000000000000e+02
5.080000000000000000e+02
6.030000000000000000e+02
4.880000000000000000e+02
5.740000000000000000e+02
4.890000000000000000e+02
6.060000000000000000e+02
5.480000000000000000e+02
5.260000000000000000e+02
6.180000000000000000e+02
5.840000000000000000e+02
5.580000000000000000e+02
5.570000000000000000e+02
5.040000000000000000e+02
5.960000000000000000e+02
5.940000000000000000e+02
6.120000000000000000e+02
5.060000000000000000e+02
6.000000000000000000e+02
5.970000000000000000e+02
5.860000000000000000e+02
5.520000000000000000e+02
5.350000000000000000e+02
5.170000000000000000e+02
4.960000000000000000e+02
4.900000000000000000e+02
5.140000000000000000e+02
5.150000000000000000e+02

4.220000000000000000e+02
5.400000000000000000e+02




9.550000000000000000e+02
8.360000000000000000e+02
7.560000000000000000e+02
6.410000000000000000e+02
8.990000000000000000e+02
7.450000000000000000e+02
7.220000000000000000e+02
9.520000000000000000e+02
9.510000000000000000e+02
6.860000000000000000e+02
7.590000000000000000e+02
8.070000000000000000e+02
8.030000000000000000e+02
6.920000000000000000e+02
6.270000000000000000e+02
7.500000000000000000e+02
8.170000000000000000e+02
7.010000000000000000e+02
6.780000000000000000e+02
6.530000000000000000e+02
7.880000000000000000e+02
7.070000000000000000e+02
8.560000000000000000e+02
8.610000000000000000e+02
7.730000000000000000e+02
7.650000000000000000e+02
7.110000000000000000e+02
9.300000000000000000e+02
7.610000000000000000e+02
9.130000000000000000e+02
8.440000000000000000e+02
7.970000000000000000e+02
7.960000000000000000e+02
9.170000000000000000e+02
6.620000000000000000e+02
8.270000000000000000e+02
8.540000000000000000e+02
7.060000000000000000e+02
7.870000000000000000e+02
9.620000000000000000e+02
9.400000000000000000e+02
9.330000000000000000e+02
8.050000000000000000e+02
9.020000000000000000e+02
9.290000000000000000e+02
7.820000000000000000e+02
9.440000000000000000e+02
7.720000000000000000e+02
7.490000000000000000e+02
9.160000000000000000e+02
9.580000000000000000e+02
7.950000000000000000e+02
9.630000000000000000e+02
7.180000000000000000e+02
7.000000000000000000e+02
8.500000000000000000e+02
7.620000000000000000e+02
7.380000000000000000e+02
6.430000000000000000e+02
6.250000000000000000e+02
6.240000000000000000e+02
8.930000000000000000e+02
8.510000000000000000e+02
9.450000000000000000e+02
7.850000000000000000e+02
8.010000000000000000e+02
8.150000000000000000e+02
7.150000000000000000e+02
7.710000000000000000e+02
8.300000000000000000e+02
9.040000000000000000e+02
9.530000000000000000e+02
9.120000000000000000e+02
6.490000000000000000e+02
6.680000000000000000e+02
7.350000000000000000e+02
9.140000000000000000e+02
8.750000000000000000e+02
8.180000000000000000e+02
8.670000000000000000e+02
8.940000000000000000e+02
7.080000000000000000e+02
7.230000000000000000e+02
9.650000000000000000e+02
8.380000000000000000e+02
6.420000000000000000e+02
7.660000000000000000e+02
7.330000000000000000e+02
8.490000000000000000e+02
7.050000000000000000e+02
7.530000000000000000e+02
7.790000000000000000e+02
6.280000000000000000e+02
7.980000000000000000e+02
6.520000000000000000e+02
6.690000000000000000e+02
8.040000000000000000e+02
6.820000000000000000e+02
8.790000000000000000e+02
8.370000000000000000e+02
7.140000000000000000e+02
8.350000000000000000e+02
8.160000000000000000e+02
8.620000000000000000e+02
6.670000000000000000e+02
7.860000000000000000e+02
8.080000000000000000e+02
8.220000000000000000e+02
9.150000000000000000e+02
8.580000000000000000e+02
7.210000000000000000e+02
7.040000000000000000e+02
9.500000000000000000e+02
7.550000000000000000e+02
7.480000000000000000e+02
1.036000000000000000e+03
1.093000000000000000e+03
1.162000000000000000e+03
1.109000000000000000e+03
1.147000000000000000e+03
1.027000000000000000e+03
9.920000000000000000e+02
1.018000000000000000e+03
1.110000000000000000e+03
1.092000000000000000e+03
1.148000000000000000e+03
1.149000000000000000e+03
9.900000000000000000e+02
1.150000000000000000e+03
1.033000000000000000e+03
1.155000000000000000e+03
1.063000000000000000e+03
9.700000000000000000e+02
1.209000000000000000e+03
1.153000000000000000e+03
1.011000000000000000e+03
1.186000000000000000e+03
1.069000000000000000e+03
1.112000000000000000e+03
1.012000000000000000e+03
1.170000000000000000e+03
9.740000000000000000e+02
1.154000000000000000e+03
9.770000000000000000e+02
1.179000000000000000e+03
9.850000000000000000e+02
1.021000000000000000e+03
1.181000000000000000e+03
1.085000000000000000e+03
1.094000000000000000e+03
1.127000000000000000e+03
1.103000000000000000e+03
1.139000000000000000e+03
1.096000000000000000e+03
1.207000000000000000e+03
1.135000000000000000e+03
1.031000000000000000e+03
1.125000000000000000e+03
1.081000000000000000e+03
1.030000000000000000e+03
1.205000000000000000e+03
9.970000000000000000e+02
1.003000000000000000e+03
9.910000000000000000e+02
1.077000000000000000e+03
1.108000000000000000e+03
1.068000000000000000e+03
1.200000000000000000e+03
1.120000000000000000e+03
1.053000000000000000e+03
1.146000000000000000e+03
1.060000000000000000e+03
1.178000000000000000e+03
1.016000000000000000e+03
1.032000000000000000e+03
1.151000000000000000e+03
1.131000000000000000e+03
9.860000000000000000e+02
1.166000000000000000e+03
9.980000000000000000e+02
1.049000000000000000e+03
1.121000000000000000e+03
1.137000000000000000e+03
1.102000000000000000e+03
1.037000000000000000e+03
1.000000000000000000e+03
1.095000000000000000e+03
1.206000000000000000e+03
1.116000000000000000e+03
1.138000000000000000e+03
1.051000000000000000e+03
1.056000000000000000e+03
1.169000000000000000e+03
1.065000000000000000e+03
1.090000000000000000e+03
1.007000000000000000e+03
6.660000000000000000e+02
6.210000000000000000e+02
1.345000000000000000e+03
1.247000000000000000e+03
1.289000000000000000e+03
8.000000000000000000e+02
1.235000000000000000e+03
6.740000000000000000e+02
1.263000000000000000e+03
1.330000000000000000e+03
1.249000000000000000e+03
1.236000000000000000e+03
1.260000000000000000e+03
7.090000000000000000e+02
3.450000000000000000e+02
1.273000000000000000e+03
1.334000000000000000e+03
8.060000000000000000e+02
1.221000000000000000e+03
1.315000000000000000e+03
1.215000000000000000e+03
1.272000000000000000e+03
1.311000000000000000e+03
5.630000000000000000e+02
1.270000000000000000e+03
1.317000000000000000e+03
1.241000000000000000e+03
1.300000000000000000e+03
1.229000000000000000e+03
1.297000000000000000e+03
1.326000000000000000e+03
1.329000000000000000e+03
7.900000000000000000e+02
5.800000000000000000e+02
6.570000000000000000e+02
7.370000000000000000e+02
1.299000000000000000e+03
1.282000000000000000e+03
1.294000000000000000e+03
1.220000000000000000e+03
1.224000000000000000e+03
1.339000000000000000e+03
1.283000000000000000e+03
1.302000000000000000e+03
5.870000000000000000e+02
1.338000000000000000e+03
1.316000000000000000e+03
1.337000000000000000e+03
6.300000000000000000e+02
1.214000000000000000e+03
7.290000000000000000e+02
7.890000000000000000e+02
1.296000000000000000e+03
1.266000000000000000e+03
1.309000000000000000e+03
1.341000000000000000e+03
1.274000000000000000e+03
6.310000000000000000e+02
1.244000000000000000e+03
6.630000000000000000e+02
1.347000000000000000e+03
1.450000000000000000e+03
1.415000000000000000e+03
1.407000000000000000e+03
1.421000000000000000e+03
1.422000000000000000e+03
1.486000000000000000e+03
1.408000000000000000e+03
1.357000000000000000e+03
1.457000000000000000e+03
1.455000000000000000e+03
1.351000000000000000e+03
1.426000000000000000e+03
1.437000000000000000e+03
1.516000000000000000e+03
1.381000000000000000e+03
1.392000000000000000e+03
1.521000000000000000e+03
1.386000000000000000e+03
1.439000000000000000e+03
1.468000000000000000e+03
1.425000000000000000e+03
1.376000000000000000e+03
1.527000000000000000e+03
1.411000000000000000e+03
1.388000000000000000e+03
1.483000000000000000e+03
1.367000000000000000e+03
1.518000000000000000e+03
1.487000000000000000e+03
1.354000000000000000e+03
1.508000000000000000e+03
1.379000000000000000e+03
1.399000000000000000e+03
1.362000000000000000e+03
1.371000000000000000e+03
1.427000000000000000e+03
1.397000000000000000e+03
1.458000000000000000e+03
1.445000000000000000e+03
1.382000000000000000e+03
1.433000000000000000e+03
1.513000000000000000e+03
1.489000000000000000e+03
1.405000000000000000e+03
1.446000000000000000e+03
1.479000000000000000e+03
1.475000000000000000e+03
1.389000000000000000e+03
1.395000000000000000e+03
1.396000000000000000e+03
1.509000000000000000e+03
1.406000000000000000e+03
1.390000000000000000e+03
1.348000000000000000e+03
1.488000000000000000e+03
1.436000000000000000e+03
1.491000000000000000e+03
1.358000000000000000e+03
1.443000000000000000e+03
1.384000000000000000e+03
1.586000000000000000e+03
1.621000000000000000e+03
1.669000000000000000e+03
1.560000000000000000e+03
1.593000000000000000e+03
1.557000000000000000e+03
1.673000000000000000e+03
1.629000000000000000e+03
1.646000000000000000e+03
1.528000000000000000e+03
1.549000000000000000e+03
1.572000000000000000e+03
1.684000000000000000e+03
1.542000000000000000e+03
1.627000000000000000e+03
1.538000000000000000e+03
1.641000000000000000e+03
1.686000000000000000e+03
1.581000000000000000e+03
1.533000000000000000e+03
1.590000000000000000e+03
1.579000000000000000e+03
1.582000000000000000e+03
1.659000000000000000e+03
1.615000000000000000e+03
1.544000000000000000e+03
1.592000000000000000e+03
1.546000000000000000e+03
1.535000000000000000e+03
1.671000000000000000e+03
1.664000000000000000e+03
1.566000000000000000e+03
1.606000000000000000e+03
1.683000000000000000e+03
1.639000000000000000e+03
1.626000000000000000e+03
1.541000000000000000e+03
1.577000000000000000e+03
1.530000000000000000e+03
1.602000000000000000e+03
1.620000000000000000e+03
1.552000000000000000e+03
1.650000000000000000e+03
1.569000000000000000e+03
1.622000000000000000e+03
1.668000000000000000e+03
1.529000000000000000e+03
1.568000000000000000e+03
1.576000000000000000e+03
1.687000000000000000e+03
1.633000000000000000e+03
1.558000000000000000e+03
1.643000000000000000e+03
1.682000000000000000e+03
1.799000000000000000e+03
1.730000000000000000e+03
1.774000000000000000e+03
1.818000000000000000e+03
1.702000000000000000e+03
1.812000000000000000e+03
1.719000000000000000e+03
1.816000000000000000e+03
1.747000000000000000e+03
1.691000000000000000e+03
1.771000000000000000e+03
1.761000000000000000e+03
1.690000000000000000e+03
1.731000000000000000e+03
1.803000000000000000e+03
1.752000000000000000e+03
1.695000000000000000e+03
1.827000000000000000e+03
1.804000000000000000e+03
1.830000000000000000e+03
1.793000000000000000e+03
1.838000000000000000e+03
1.781000000000000000e+03
1.737000000000000000e+03
1.815000000000000000e+03
1.772000000000000000e+03
1.732000000000000000e+03
1.842000000000000000e+03
1.762000000000000000e+03
1.706000000000000000e+03
1.784000000000000000e+03
1.770000000000000000e+03
1.748000000000000000e+03
1.843000000000000000e+03
1.798000000000000000e+03
1.693000000000000000e+03
1.700000000000000000e+03
1.783000000000000000e+03
1.741000000000000000e+03
1.823000000000000000e+03
1.743000000000000000e+03
1.829000000000000000e+03
1.736000000000000000e+03
1.835000000000000000e+03
1.723000000000000000e+03
1.806000000000000000e+03
1.839000000000000000e+03
1.796000000000000000e+03
1.777000000000000000e+03
1.794000000000000000e+03
1.746000000000000000e+03
1.787000000000000000e+03
1.810000000000000000e+03
